SimGraph=[
1.0000,1.0000,0.9335,0.9335,0.8670,0.9432,0.9432,0.8766,0.8766,0.8101,0.9432,0.9432,0.8766,0.8766,0.8101,0.8863,0.8863,0.8198,0.8198,0.7533;
1.0000,1.0000,0.9335,0.9335,0.8670,0.9432,0.9432,0.8766,0.8766,0.8101,0.9432,0.9432,0.8766,0.8766,0.8101,0.8863,0.8863,0.8198,0.8198,0.7533;
0.9335,0.9335,1.0000,0.8670,0.9335,0.8766,0.8766,0.9432,0.8101,0.8766,0.8766,0.8766,0.9432,0.8101,0.8766,0.8198,0.8198,0.8863,0.7533,0.8198;
0.9335,0.9335,0.8670,1.0000,0.9335,0.8766,0.8766,0.8101,0.9432,0.8766,0.8766,0.8766,0.8101,0.9432,0.8766,0.8198,0.8198,0.7533,0.8863,0.8198;
0.8670,0.8670,0.9335,0.9335,1.0000,0.8101,0.8101,0.8766,0.8766,0.9432,0.8101,0.8101,0.8766,0.8766,0.9432,0.7533,0.7533,0.8198,0.8198,0.8863;
0.9432,0.9432,0.8766,0.8766,0.8101,1.0000,1.0000,0.9335,0.9335,0.8670,0.8863,0.8863,0.8198,0.8198,0.7533,0.9432,0.9432,0.8766,0.8766,0.8101;
0.9432,0.9432,0.8766,0.8766,0.8101,1.0000,1.0000,0.9335,0.9335,0.8670,0.8863,0.8863,0.8198,0.8198,0.7533,0.9432,0.9432,0.8766,0.8766,0.8101;
0.8766,0.8766,0.9432,0.8101,0.8766,0.9335,0.9335,1.0000,0.8670,0.9335,0.8198,0.8198,0.8863,0.7533,0.8198,0.8766,0.8766,0.9432,0.8101,0.8766;
0.8766,0.8766,0.8101,0.9432,0.8766,0.9335,0.9335,0.8670,1.0000,0.9335,0.8198,0.8198,0.7533,0.8863,0.8198,0.8766,0.8766,0.8101,0.9432,0.8766;
0.8101,0.8101,0.8766,0.8766,0.9432,0.8670,0.8670,0.9335,0.9335,1.0000,0.7533,0.7533,0.8198,0.8198,0.8863,0.8101,0.8101,0.8766,0.8766,0.9432;
0.9432,0.9432,0.8766,0.8766,0.8101,0.8863,0.8863,0.8198,0.8198,0.7533,1.0000,1.0000,0.9335,0.9335,0.8670,0.9432,0.9432,0.8766,0.8766,0.8101;
0.9432,0.9432,0.8766,0.8766,0.8101,0.8863,0.8863,0.8198,0.8198,0.7533,1.0000,1.0000,0.9335,0.9335,0.8670,0.9432,0.9432,0.8766,0.8766,0.8101;
0.8766,0.8766,0.9432,0.8101,0.8766,0.8198,0.8198,0.8863,0.7533,0.8198,0.9335,0.9335,1.0000,0.8670,0.9335,0.8766,0.8766,0.9432,0.8101,0.8766;
0.8766,0.8766,0.8101,0.9432,0.8766,0.8198,0.8198,0.7533,0.8863,0.8198,0.9335,0.9335,0.8670,1.0000,0.9335,0.8766,0.8766,0.8101,0.9432,0.8766;
0.8101,0.8101,0.8766,0.8766,0.9432,0.7533,0.7533,0.8198,0.8198,0.8863,0.8670,0.8670,0.9335,0.9335,1.0000,0.8101,0.8101,0.8766,0.8766,0.9432;
0.8863,0.8863,0.8198,0.8198,0.7533,0.9432,0.9432,0.8766,0.8766,0.8101,0.9432,0.9432,0.8766,0.8766,0.8101,1.0000,1.0000,0.9335,0.9335,0.8670;
0.8863,0.8863,0.8198,0.8198,0.7533,0.9432,0.9432,0.8766,0.8766,0.8101,0.9432,0.9432,0.8766,0.8766,0.8101,1.0000,1.0000,0.9335,0.9335,0.8670;
0.8198,0.8198,0.8863,0.7533,0.8198,0.8766,0.8766,0.9432,0.8101,0.8766,0.8766,0.8766,0.9432,0.8101,0.8766,0.9335,0.9335,1.0000,0.8670,0.9335;
0.8198,0.8198,0.7533,0.8863,0.8198,0.8766,0.8766,0.8101,0.9432,0.8766,0.8766,0.8766,0.8101,0.9432,0.8766,0.9335,0.9335,0.8670,1.0000,0.9335;
0.7533,0.7533,0.8198,0.8198,0.8863,0.8101,0.8101,0.8766,0.8766,0.9432,0.8101,0.8101,0.8766,0.8766,0.9432,0.8670,0.8670,0.9335,0.9335,1.0000;
];
