SimGraph=[
1.0000,0.9404,0.7875,0.9782,0.9588,0.9404,0.9204,0.7490,0.7875,0.9193,0.9588,0.7501,0.7875,0.8057,0.8075,0.7837,0.7885,0.9404,0.8079,0.8735,0.7501,0.7499,0.9404,0.7905,0.8074,0.8729,0.8541,0.8778,0.9404,0.9373,0.7862,0.9204,0.9388,0.7683,0.7690,0.9000,0.9199,0.7885,0.7875,0.7671,0.8077,0.8098,0.8046,0.7701,0.9588,0.9588,0.7837,0.9588,0.9387,0.9384,0.9588,0.8077,0.8530,0.8004,0.9384,0.9404,0.8118,0.7501,0.8101,0.7701,0.8079,0.7875,0.8306,0.8956,0.9588,0.9204,0.8735,0.9588,0.9389,0.9588,0.9204,0.8303,0.8040,0.7690,0.9144,0.8961,0.8103,0.7649,0.7683,0.7683,0.8512,0.8092,0.7690,0.7701,0.8991,0.7768,0.7872,0.7703,0.8074,0.8539,0.8539,0.8732,0.8079,0.8778,0.9199,0.8090,0.9195,0.7871,0.9588,0.8092,0.7701;
0.9404,1.0000,0.7883,0.9404,0.9597,0.9782,0.9582,0.7868,0.7883,0.9184,0.9597,0.7879,0.7883,0.7680,0.7697,0.7460,0.7894,0.9782,0.8088,0.8743,0.7879,0.7877,0.9782,0.8283,0.8066,0.8351,0.8163,0.9155,0.9782,0.8995,0.7853,0.9582,0.9380,0.7692,0.8068,0.9377,0.9577,0.7894,0.7883,0.7662,0.8069,0.8107,0.7668,0.8078,0.9597,0.9597,0.7460,0.9597,0.9395,0.9393,0.9597,0.8069,0.8539,0.7626,0.9393,0.9782,0.8496,0.7879,0.8109,0.8078,0.8088,0.7883,0.8314,0.8964,0.9597,0.9582,0.8743,0.9597,0.9397,0.9597,0.9582,0.8311,0.8048,0.8068,0.8766,0.8970,0.8111,0.7271,0.7692,0.7692,0.8521,0.8084,0.8068,0.8078,0.9368,0.7390,0.7881,0.8081,0.8066,0.8530,0.8917,0.8741,0.8088,0.9155,0.9577,0.8098,0.9573,0.7862,0.9597,0.8084,0.8078;
0.7875,0.7883,1.0000,0.7875,0.8068,0.7883,0.7684,0.9397,0.9782,0.7695,0.8068,0.7896,0.9782,0.8741,0.8724,0.8703,0.8280,0.7883,0.9577,0.8921,0.7896,0.8297,0.7883,0.7891,0.8097,0.8939,0.8750,0.7869,0.7883,0.7669,0.7884,0.7684,0.7684,0.8482,0.9597,0.7888,0.8088,0.8280,0.9782,0.7262,0.7668,0.8493,0.8069,0.8096,0.8068,0.8068,0.8703,0.8068,0.8270,0.8272,0.8068,0.7668,0.9126,0.8476,0.8272,0.7883,0.8104,0.7896,0.8490,0.8096,0.9577,0.9782,0.8937,0.8276,0.8068,0.7684,0.8921,0.8068,0.7868,0.8068,0.7684,0.8288,0.8027,0.9597,0.8512,0.8480,0.9140,0.8736,0.8482,0.8482,0.9144,0.8337,0.9597,0.8096,0.8082,0.8662,0.9370,0.8093,0.8097,0.8748,0.8323,0.8924,0.9577,0.7869,0.8088,0.8076,0.7877,0.7461,0.8068,0.8337,0.8096;
0.9782,0.9404,0.7875,1.0000,0.9588,0.9404,0.9204,0.7490,0.7875,0.9193,0.9588,0.7501,0.7875,0.8057,0.8075,0.7837,0.7885,0.9404,0.8079,0.8735,0.7501,0.7499,0.9404,0.7905,0.8074,0.8729,0.8541,0.8778,0.9404,0.9373,0.7862,0.9204,0.9388,0.7683,0.7690,0.9000,0.9199,0.7885,0.7875,0.7671,0.8077,0.8098,0.8046,0.7701,0.9588,0.9588,0.7837,0.9588,0.9387,0.9384,0.9588,0.8077,0.8530,0.8004,0.9384,0.9404,0.8118,0.7501,0.8101,0.7701,0.8079,0.7875,0.8306,0.8956,0.9588,0.9204,0.8735,0.9588,0.9389,0.9588,0.9204,0.8303,0.8040,0.7690,0.9144,0.8961,0.8103,0.7649,0.7683,0.7683,0.8512,0.8092,0.7690,0.7701,0.8991,0.7768,0.7872,0.7703,0.8074,0.8539,0.8539,0.8732,0.8079,0.8778,0.9199,0.8090,0.9195,0.7871,0.9588,0.8092,0.7701;
0.9588,0.9597,0.8068,0.9588,1.0000,0.9597,0.9397,0.7684,0.8068,0.9000,0.9782,0.7694,0.8068,0.7864,0.7882,0.7644,0.8078,0.9597,0.8272,0.8928,0.7694,0.7692,0.9597,0.8098,0.7881,0.8536,0.8348,0.8971,0.9597,0.9180,0.7668,0.9397,0.9195,0.7877,0.7883,0.9193,0.9393,0.8078,0.8068,0.7478,0.7884,0.8291,0.7853,0.7894,0.9782,0.9782,0.7644,0.9782,0.9580,0.9577,0.9782,0.7884,0.8723,0.7811,0.9577,0.9597,0.8311,0.7694,0.8294,0.7894,0.8272,0.8068,0.8499,0.9149,0.9782,0.9397,0.8928,0.9782,0.9582,0.9782,0.9397,0.8496,0.8233,0.7883,0.8951,0.9155,0.8296,0.7456,0.7877,0.7877,0.8706,0.7899,0.7883,0.7894,0.9184,0.7575,0.8066,0.7897,0.7881,0.8346,0.8733,0.8925,0.8272,0.8971,0.9393,0.8283,0.9388,0.7677,0.9782,0.7899,0.7894;
0.9404,0.9782,0.7883,0.9404,0.9597,1.0000,0.9582,0.7868,0.7883,0.9184,0.9597,0.7879,0.7883,0.7680,0.7697,0.7460,0.7894,0.9782,0.8088,0.8743,0.7879,0.7877,0.9782,0.8283,0.8066,0.8351,0.8163,0.9155,0.9782,0.8995,0.7853,0.9582,0.9380,0.7692,0.8068,0.9377,0.9577,0.7894,0.7883,0.7662,0.8069,0.8107,0.7668,0.8078,0.9597,0.9597,0.7460,0.9597,0.9395,0.9393,0.9597,0.8069,0.8539,0.7626,0.9393,0.9782,0.8496,0.7879,0.8109,0.8078,0.8088,0.7883,0.8314,0.8964,0.9597,0.9582,0.8743,0.9597,0.9397,0.9597,0.9582,0.8311,0.8048,0.8068,0.8766,0.8970,0.8111,0.7271,0.7692,0.7692,0.8521,0.8084,0.8068,0.8078,0.9368,0.7390,0.7881,0.8081,0.8066,0.8530,0.8917,0.8741,0.8088,0.9155,0.9577,0.8098,0.9573,0.7862,0.9597,0.8084,0.8078;
0.9204,0.9582,0.7684,0.9204,0.9397,0.9582,1.0000,0.8068,0.7684,0.9384,0.9397,0.8078,0.7684,0.7480,0.7497,0.7260,0.7694,0.9582,0.7888,0.8544,0.8078,0.7677,0.9582,0.8083,0.7866,0.8152,0.7963,0.8956,0.9582,0.9195,0.7653,0.9782,0.9180,0.7492,0.7868,0.9577,0.9377,0.7694,0.7684,0.7862,0.7869,0.7907,0.7469,0.7879,0.9397,0.9397,0.7260,0.9397,0.9195,0.9193,0.9397,0.7869,0.8339,0.7427,0.9193,0.9582,0.8296,0.8078,0.7910,0.7879,0.7888,0.7684,0.8115,0.8765,0.9397,0.9782,0.8544,0.9397,0.9597,0.9397,0.9782,0.8111,0.7849,0.7868,0.8566,0.8770,0.7912,0.7071,0.7492,0.7492,0.8321,0.7884,0.7868,0.7879,0.9169,0.7191,0.7681,0.7881,0.7866,0.8330,0.8717,0.8541,0.7888,0.8956,0.9377,0.7899,0.9373,0.7662,0.9397,0.7884,0.7879;
0.7490,0.7868,0.9397,0.7490,0.7684,0.7868,0.8068,1.0000,0.9397,0.8079,0.7684,0.8280,0.9397,0.8357,0.8339,0.8319,0.7896,0.7868,0.9193,0.8537,0.8280,0.8282,0.7868,0.7876,0.8082,0.8554,0.8366,0.7854,0.7868,0.7684,0.7869,0.8068,0.7669,0.8098,0.9582,0.8272,0.8073,0.7896,0.9397,0.7646,0.7653,0.8109,0.7684,0.8080,0.7684,0.7684,0.8319,0.7684,0.7885,0.7888,0.7684,0.7653,0.8742,0.8092,0.7888,0.7868,0.8089,0.8280,0.8106,0.8080,0.9193,0.9397,0.8553,0.7891,0.7684,0.8068,0.8537,0.7684,0.7883,0.7684,0.8068,0.7904,0.7643,0.9582,0.8128,0.8096,0.8756,0.8352,0.8098,0.8098,0.8759,0.8322,0.9582,0.8080,0.8066,0.8278,0.8986,0.8078,0.8082,0.8733,0.8308,0.8540,0.9193,0.7854,0.8073,0.7691,0.7862,0.7446,0.7684,0.8322,0.8080;
0.7875,0.7883,0.9782,0.7875,0.8068,0.7883,0.7684,0.9397,1.0000,0.7695,0.8068,0.7896,0.9782,0.8741,0.8724,0.8703,0.8280,0.7883,0.9577,0.8921,0.7896,0.8297,0.7883,0.7891,0.8097,0.8939,0.8750,0.7869,0.7883,0.7669,0.7884,0.7684,0.7684,0.8482,0.9597,0.7888,0.8088,0.8280,0.9782,0.7262,0.7668,0.8493,0.8069,0.8096,0.8068,0.8068,0.8703,0.8068,0.8270,0.8272,0.8068,0.7668,0.9126,0.8476,0.8272,0.7883,0.8104,0.7896,0.8490,0.8096,0.9577,0.9782,0.8937,0.8276,0.8068,0.7684,0.8921,0.8068,0.7868,0.8068,0.7684,0.8288,0.8027,0.9597,0.8512,0.8480,0.9140,0.8736,0.8482,0.8482,0.9144,0.8337,0.9597,0.8096,0.8082,0.8662,0.9370,0.8093,0.8097,0.8748,0.8323,0.8924,0.9577,0.7869,0.8088,0.8076,0.7877,0.7461,0.8068,0.8337,0.8096;
0.9193,0.9184,0.7695,0.9193,0.9000,0.9184,0.9384,0.8079,0.7695,1.0000,0.9000,0.8090,0.7695,0.7878,0.7895,0.7658,0.7705,0.9184,0.7490,0.8146,0.8090,0.7688,0.9184,0.7685,0.8264,0.8549,0.8361,0.8967,0.9184,0.9184,0.8051,0.9384,0.9169,0.7504,0.7879,0.9588,0.9389,0.7705,0.7695,0.8260,0.8267,0.7918,0.7866,0.7890,0.9000,0.9000,0.7658,0.9000,0.8798,0.9204,0.9000,0.8267,0.8350,0.7415,0.9204,0.9184,0.7898,0.8090,0.7512,0.7890,0.7490,0.7695,0.8126,0.8367,0.9000,0.9384,0.8146,0.9000,0.9199,0.9000,0.9384,0.7714,0.7860,0.7879,0.8555,0.8373,0.7923,0.7469,0.7504,0.7504,0.8333,0.8282,0.7879,0.7890,0.9180,0.7588,0.7284,0.7484,0.8264,0.8728,0.8320,0.8552,0.7490,0.8967,0.9389,0.7501,0.8975,0.8060,0.9000,0.8282,0.7890;
0.9588,0.9597,0.8068,0.9588,0.9782,0.9597,0.9397,0.7684,0.8068,0.9000,1.0000,0.7694,0.8068,0.7864,0.7882,0.7644,0.8078,0.9597,0.8272,0.8928,0.7694,0.7692,0.9597,0.8098,0.7881,0.8536,0.8348,0.8971,0.9597,0.9180,0.7668,0.9397,0.9195,0.7877,0.7883,0.9193,0.9393,0.8078,0.8068,0.7478,0.7884,0.8291,0.7853,0.7894,0.9782,0.9782,0.7644,0.9782,0.9580,0.9577,0.9782,0.7884,0.8723,0.7811,0.9577,0.9597,0.8311,0.7694,0.8294,0.7894,0.8272,0.8068,0.8499,0.9149,0.9782,0.9397,0.8928,0.9782,0.9582,0.9782,0.9397,0.8496,0.8233,0.7883,0.8951,0.9155,0.8296,0.7456,0.7877,0.7877,0.8706,0.7899,0.7883,0.7894,0.9184,0.7575,0.8066,0.7897,0.7881,0.8346,0.8733,0.8925,0.8272,0.8971,0.9393,0.8283,0.9388,0.7677,0.9782,0.7899,0.7894;
