SimGraph=[
3.3810,3.3810,3.3514,3.3514,3.3218,3.3810,3.3810,3.3514,3.3514,3.3218,3.3810,3.3810,3.3514,3.3514,3.3218,3.3810,3.3810,3.3514,3.3514,3.3218;
3.3810,3.3810,3.3514,3.3514,3.3218,3.3810,3.3810,3.3514,3.3514,3.3218,3.3810,3.3810,3.3514,3.3514,3.3218,3.3810,3.3810,3.3514,3.3514,3.3218;
3.3514,3.3514,3.3238,3.3218,3.2943,3.3514,3.3514,3.3238,3.3218,3.2943,3.3514,3.3514,3.3238,3.3218,3.2943,3.3514,3.3514,3.3238,3.3218,3.2943;
3.3514,3.3514,3.3218,3.3238,3.2943,3.3514,3.3514,3.3218,3.3238,3.2943,3.3514,3.3514,3.3218,3.3238,3.2943,3.3514,3.3514,3.3218,3.3238,3.2943;
3.3218,3.3218,3.2943,3.2943,3.2667,3.3218,3.3218,3.2943,3.2943,3.2667,3.3218,3.3218,3.2943,3.2943,3.2667,3.3218,3.3218,3.2943,3.2943,3.2667;
3.3810,3.3810,3.3514,3.3514,3.3218,3.3810,3.3810,3.3514,3.3514,3.3218,3.3810,3.3810,3.3514,3.3514,3.3218,3.3810,3.3810,3.3514,3.3514,3.3218;
3.3810,3.3810,3.3514,3.3514,3.3218,3.3810,3.3810,3.3514,3.3514,3.3218,3.3810,3.3810,3.3514,3.3514,3.3218,3.3810,3.3810,3.3514,3.3514,3.3218;
3.3514,3.3514,3.3238,3.3218,3.2943,3.3514,3.3514,3.3238,3.3218,3.2943,3.3514,3.3514,3.3238,3.3218,3.2943,3.3514,3.3514,3.3238,3.3218,3.2943;
3.3514,3.3514,3.3218,3.3238,3.2943,3.3514,3.3514,3.3218,3.3238,3.2943,3.3514,3.3514,3.3218,3.3238,3.2943,3.3514,3.3514,3.3218,3.3238,3.2943;
3.3218,3.3218,3.2943,3.2943,3.2667,3.3218,3.3218,3.2943,3.2943,3.2667,3.3218,3.3218,3.2943,3.2943,3.2667,3.3218,3.3218,3.2943,3.2943,3.2667;
3.3810,3.3810,3.3514,3.3514,3.3218,3.3810,3.3810,3.3514,3.3514,3.3218,3.3810,3.3810,3.3514,3.3514,3.3218,3.3810,3.3810,3.3514,3.3514,3.3218;
3.3810,3.3810,3.3514,3.3514,3.3218,3.3810,3.3810,3.3514,3.3514,3.3218,3.3810,3.3810,3.3514,3.3514,3.3218,3.3810,3.3810,3.3514,3.3514,3.3218;
3.3514,3.3514,3.3238,3.3218,3.2943,3.3514,3.3514,3.3238,3.3218,3.2943,3.3514,3.3514,3.3238,3.3218,3.2943,3.3514,3.3514,3.3238,3.3218,3.2943;
3.3514,3.3514,3.3218,3.3238,3.2943,3.3514,3.3514,3.3218,3.3238,3.2943,3.3514,3.3514,3.3218,3.3238,3.2943,3.3514,3.3514,3.3218,3.3238,3.2943;
3.3218,3.3218,3.2943,3.2943,3.2667,3.3218,3.3218,3.2943,3.2943,3.2667,3.3218,3.3218,3.2943,3.2943,3.2667,3.3218,3.3218,3.2943,3.2943,3.2667;
3.3810,3.3810,3.3514,3.3514,3.3218,3.3810,3.3810,3.3514,3.3514,3.3218,3.3810,3.3810,3.3514,3.3514,3.3218,3.3810,3.3810,3.3514,3.3514,3.3218;
3.3810,3.3810,3.3514,3.3514,3.3218,3.3810,3.3810,3.3514,3.3514,3.3218,3.3810,3.3810,3.3514,3.3514,3.3218,3.3810,3.3810,3.3514,3.3514,3.3218;
3.3514,3.3514,3.3238,3.3218,3.2943,3.3514,3.3514,3.3238,3.3218,3.2943,3.3514,3.3514,3.3238,3.3218,3.2943,3.3514,3.3514,3.3238,3.3218,3.2943;
3.3514,3.3514,3.3218,3.3238,3.2943,3.3514,3.3514,3.3218,3.3238,3.2943,3.3514,3.3514,3.3218,3.3238,3.2943,3.3514,3.3514,3.3218,3.3238,3.2943;
3.3218,3.3218,3.2943,3.2943,3.2667,3.3218,3.3218,3.2943,3.2943,3.2667,3.3218,3.3218,3.2943,3.2943,3.2667,3.3218,3.3218,3.2943,3.2943,3.2667;
];
