SimGraph=[
4.0000,4.0000,3.9444,3.9444,3.8889,4.0000,4.0000,3.9444,3.9444,3.8889,4.0000,4.0000,3.9444,3.9444,3.8889,4.0000,4.0000,3.9444,3.9444,3.8889;
4.0000,4.0000,3.9444,3.9444,3.8889,4.0000,4.0000,3.9444,3.9444,3.8889,4.0000,4.0000,3.9444,3.9444,3.8889,4.0000,4.0000,3.9444,3.9444,3.8889;
3.9444,3.9444,4.0000,3.8889,3.9444,3.9444,3.9444,4.0000,3.8889,3.9444,3.9444,3.9444,4.0000,3.8889,3.9444,3.9444,3.9444,4.0000,3.8889,3.9444;
3.9444,3.9444,3.8889,4.0000,3.9444,3.9444,3.9444,3.8889,4.0000,3.9444,3.9444,3.9444,3.8889,4.0000,3.9444,3.9444,3.9444,3.8889,4.0000,3.9444;
3.8889,3.8889,3.9444,3.9444,4.0000,3.8889,3.8889,3.9444,3.9444,4.0000,3.8889,3.8889,3.9444,3.9444,4.0000,3.8889,3.8889,3.9444,3.9444,4.0000;
4.0000,4.0000,3.9444,3.9444,3.8889,4.0000,4.0000,3.9444,3.9444,3.8889,4.0000,4.0000,3.9444,3.9444,3.8889,4.0000,4.0000,3.9444,3.9444,3.8889;
4.0000,4.0000,3.9444,3.9444,3.8889,4.0000,4.0000,3.9444,3.9444,3.8889,4.0000,4.0000,3.9444,3.9444,3.8889,4.0000,4.0000,3.9444,3.9444,3.8889;
3.9444,3.9444,4.0000,3.8889,3.9444,3.9444,3.9444,4.0000,3.8889,3.9444,3.9444,3.9444,4.0000,3.8889,3.9444,3.9444,3.9444,4.0000,3.8889,3.9444;
3.9444,3.9444,3.8889,4.0000,3.9444,3.9444,3.9444,3.8889,4.0000,3.9444,3.9444,3.9444,3.8889,4.0000,3.9444,3.9444,3.9444,3.8889,4.0000,3.9444;
3.8889,3.8889,3.9444,3.9444,4.0000,3.8889,3.8889,3.9444,3.9444,4.0000,3.8889,3.8889,3.9444,3.9444,4.0000,3.8889,3.8889,3.9444,3.9444,4.0000;
4.0000,4.0000,3.9444,3.9444,3.8889,4.0000,4.0000,3.9444,3.9444,3.8889,4.0000,4.0000,3.9444,3.9444,3.8889,4.0000,4.0000,3.9444,3.9444,3.8889;
4.0000,4.0000,3.9444,3.9444,3.8889,4.0000,4.0000,3.9444,3.9444,3.8889,4.0000,4.0000,3.9444,3.9444,3.8889,4.0000,4.0000,3.9444,3.9444,3.8889;
3.9444,3.9444,4.0000,3.8889,3.9444,3.9444,3.9444,4.0000,3.8889,3.9444,3.9444,3.9444,4.0000,3.8889,3.9444,3.9444,3.9444,4.0000,3.8889,3.9444;
3.9444,3.9444,3.8889,4.0000,3.9444,3.9444,3.9444,3.8889,4.0000,3.9444,3.9444,3.9444,3.8889,4.0000,3.9444,3.9444,3.9444,3.8889,4.0000,3.9444;
3.8889,3.8889,3.9444,3.9444,4.0000,3.8889,3.8889,3.9444,3.9444,4.0000,3.8889,3.8889,3.9444,3.9444,4.0000,3.8889,3.8889,3.9444,3.9444,4.0000;
4.0000,4.0000,3.9444,3.9444,3.8889,4.0000,4.0000,3.9444,3.9444,3.8889,4.0000,4.0000,3.9444,3.9444,3.8889,4.0000,4.0000,3.9444,3.9444,3.8889;
4.0000,4.0000,3.9444,3.9444,3.8889,4.0000,4.0000,3.9444,3.9444,3.8889,4.0000,4.0000,3.9444,3.9444,3.8889,4.0000,4.0000,3.9444,3.9444,3.8889;
3.9444,3.9444,4.0000,3.8889,3.9444,3.9444,3.9444,4.0000,3.8889,3.9444,3.9444,3.9444,4.0000,3.8889,3.9444,3.9444,3.9444,4.0000,3.8889,3.9444;
3.9444,3.9444,3.8889,4.0000,3.9444,3.9444,3.9444,3.8889,4.0000,3.9444,3.9444,3.9444,3.8889,4.0000,3.9444,3.9444,3.9444,3.8889,4.0000,3.9444;
3.8889,3.8889,3.9444,3.9444,4.0000,3.8889,3.8889,3.9444,3.9444,4.0000,3.8889,3.8889,3.9444,3.9444,4.0000,3.8889,3.8889,3.9444,3.9444,4.0000;
];
