SimGraph=[
1.0000,1.0000,0.8855,0.8855,0.7710,0.8863,0.8863,0.7718,0.7718,0.6573,0.8863,0.8863,0.7718,0.7718,0.6573,0.7726,0.7726,0.6581,0.6581,0.5436;
1.0000,1.0000,0.8855,0.8855,0.7710,0.8863,0.8863,0.7718,0.7718,0.6573,0.8863,0.8863,0.7718,0.7718,0.6573,0.7726,0.7726,0.6581,0.6581,0.5436;
0.8855,0.8855,1.0000,0.7710,0.8855,0.7718,0.7718,0.8863,0.6573,0.7718,0.7718,0.7718,0.8863,0.6573,0.7718,0.6581,0.6581,0.7726,0.5436,0.6581;
0.8855,0.8855,0.7710,1.0000,0.8855,0.7718,0.7718,0.6573,0.8863,0.7718,0.7718,0.7718,0.6573,0.8863,0.7718,0.6581,0.6581,0.5436,0.7726,0.6581;
0.7710,0.7710,0.8855,0.8855,1.0000,0.6573,0.6573,0.7718,0.7718,0.8863,0.6573,0.6573,0.7718,0.7718,0.8863,0.5436,0.5436,0.6581,0.6581,0.7726;
0.8863,0.8863,0.7718,0.7718,0.6573,1.0000,1.0000,0.8855,0.8855,0.7710,0.7726,0.7726,0.6581,0.6581,0.5436,0.8863,0.8863,0.7718,0.7718,0.6573;
0.8863,0.8863,0.7718,0.7718,0.6573,1.0000,1.0000,0.8855,0.8855,0.7710,0.7726,0.7726,0.6581,0.6581,0.5436,0.8863,0.8863,0.7718,0.7718,0.6573;
0.7718,0.7718,0.8863,0.6573,0.7718,0.8855,0.8855,1.0000,0.7710,0.8855,0.6581,0.6581,0.7726,0.5436,0.6581,0.7718,0.7718,0.8863,0.6573,0.7718;
0.7718,0.7718,0.6573,0.8863,0.7718,0.8855,0.8855,0.7710,1.0000,0.8855,0.6581,0.6581,0.5436,0.7726,0.6581,0.7718,0.7718,0.6573,0.8863,0.7718;
0.6573,0.6573,0.7718,0.7718,0.8863,0.7710,0.7710,0.8855,0.8855,1.0000,0.5436,0.5436,0.6581,0.6581,0.7726,0.6573,0.6573,0.7718,0.7718,0.8863;
0.8863,0.8863,0.7718,0.7718,0.6573,0.7726,0.7726,0.6581,0.6581,0.5436,1.0000,1.0000,0.8855,0.8855,0.7710,0.8863,0.8863,0.7718,0.7718,0.6573;
0.8863,0.8863,0.7718,0.7718,0.6573,0.7726,0.7726,0.6581,0.6581,0.5436,1.0000,1.0000,0.8855,0.8855,0.7710,0.8863,0.8863,0.7718,0.7718,0.6573;
0.7718,0.7718,0.8863,0.6573,0.7718,0.6581,0.6581,0.7726,0.5436,0.6581,0.8855,0.8855,1.0000,0.7710,0.8855,0.7718,0.7718,0.8863,0.6573,0.7718;
0.7718,0.7718,0.6573,0.8863,0.7718,0.6581,0.6581,0.5436,0.7726,0.6581,0.8855,0.8855,0.7710,1.0000,0.8855,0.7718,0.7718,0.6573,0.8863,0.7718;
0.6573,0.6573,0.7718,0.7718,0.8863,0.5436,0.5436,0.6581,0.6581,0.7726,0.7710,0.7710,0.8855,0.8855,1.0000,0.6573,0.6573,0.7718,0.7718,0.8863;
0.7726,0.7726,0.6581,0.6581,0.5436,0.8863,0.8863,0.7718,0.7718,0.6573,0.8863,0.8863,0.7718,0.7718,0.6573,1.0000,1.0000,0.8855,0.8855,0.7710;
0.7726,0.7726,0.6581,0.6581,0.5436,0.8863,0.8863,0.7718,0.7718,0.6573,0.8863,0.8863,0.7718,0.7718,0.6573,1.0000,1.0000,0.8855,0.8855,0.7710;
0.6581,0.6581,0.7726,0.5436,0.6581,0.7718,0.7718,0.8863,0.6573,0.7718,0.7718,0.7718,0.8863,0.6573,0.7718,0.8855,0.8855,1.0000,0.7710,0.8855;
0.6581,0.6581,0.5436,0.7726,0.6581,0.7718,0.7718,0.6573,0.8863,0.7718,0.7718,0.7718,0.6573,0.8863,0.7718,0.8855,0.8855,0.7710,1.0000,0.8855;
0.5436,0.5436,0.6581,0.6581,0.7726,0.6573,0.6573,0.7718,0.7718,0.8863,0.6573,0.6573,0.7718,0.7718,0.8863,0.7710,0.7710,0.8855,0.8855,1.0000;
];
