SimGraph=[
3.3810,3.3810,3.3054,3.3054,3.2299,3.3810,3.3810,3.3054,3.3054,3.2299,3.3810,3.3810,3.3054,3.3054,3.2299,3.3810,3.3810,3.3054,3.3054,3.2299;
3.3810,3.3810,3.3054,3.3054,3.2299,3.3810,3.3810,3.3054,3.3054,3.2299,3.3810,3.3810,3.3054,3.3054,3.2299,3.3810,3.3810,3.3054,3.3054,3.2299;
3.3054,3.3054,3.3238,3.2299,3.2483,3.3054,3.3054,3.3238,3.2299,3.2483,3.3054,3.3054,3.3238,3.2299,3.2483,3.3054,3.3054,3.3238,3.2299,3.2483;
3.3054,3.3054,3.2299,3.3238,3.2483,3.3054,3.3054,3.2299,3.3238,3.2483,3.3054,3.3054,3.2299,3.3238,3.2483,3.3054,3.3054,3.2299,3.3238,3.2483;
3.2299,3.2299,3.2483,3.2483,3.2667,3.2299,3.2299,3.2483,3.2483,3.2667,3.2299,3.2299,3.2483,3.2483,3.2667,3.2299,3.2299,3.2483,3.2483,3.2667;
3.3810,3.3810,3.3054,3.3054,3.2299,3.3810,3.3810,3.3054,3.3054,3.2299,3.3810,3.3810,3.3054,3.3054,3.2299,3.3810,3.3810,3.3054,3.3054,3.2299;
3.3810,3.3810,3.3054,3.3054,3.2299,3.3810,3.3810,3.3054,3.3054,3.2299,3.3810,3.3810,3.3054,3.3054,3.2299,3.3810,3.3810,3.3054,3.3054,3.2299;
3.3054,3.3054,3.3238,3.2299,3.2483,3.3054,3.3054,3.3238,3.2299,3.2483,3.3054,3.3054,3.3238,3.2299,3.2483,3.3054,3.3054,3.3238,3.2299,3.2483;
3.3054,3.3054,3.2299,3.3238,3.2483,3.3054,3.3054,3.2299,3.3238,3.2483,3.3054,3.3054,3.2299,3.3238,3.2483,3.3054,3.3054,3.2299,3.3238,3.2483;
3.2299,3.2299,3.2483,3.2483,3.2667,3.2299,3.2299,3.2483,3.2483,3.2667,3.2299,3.2299,3.2483,3.2483,3.2667,3.2299,3.2299,3.2483,3.2483,3.2667;
3.3810,3.3810,3.3054,3.3054,3.2299,3.3810,3.3810,3.3054,3.3054,3.2299,3.3810,3.3810,3.3054,3.3054,3.2299,3.3810,3.3810,3.3054,3.3054,3.2299;
3.3810,3.3810,3.3054,3.3054,3.2299,3.3810,3.3810,3.3054,3.3054,3.2299,3.3810,3.3810,3.3054,3.3054,3.2299,3.3810,3.3810,3.3054,3.3054,3.2299;
3.3054,3.3054,3.3238,3.2299,3.2483,3.3054,3.3054,3.3238,3.2299,3.2483,3.3054,3.3054,3.3238,3.2299,3.2483,3.3054,3.3054,3.3238,3.2299,3.2483;
3.3054,3.3054,3.2299,3.3238,3.2483,3.3054,3.3054,3.2299,3.3238,3.2483,3.3054,3.3054,3.2299,3.3238,3.2483,3.3054,3.3054,3.2299,3.3238,3.2483;
3.2299,3.2299,3.2483,3.2483,3.2667,3.2299,3.2299,3.2483,3.2483,3.2667,3.2299,3.2299,3.2483,3.2483,3.2667,3.2299,3.2299,3.2483,3.2483,3.2667;
3.3810,3.3810,3.3054,3.3054,3.2299,3.3810,3.3810,3.3054,3.3054,3.2299,3.3810,3.3810,3.3054,3.3054,3.2299,3.3810,3.3810,3.3054,3.3054,3.2299;
3.3810,3.3810,3.3054,3.3054,3.2299,3.3810,3.3810,3.3054,3.3054,3.2299,3.3810,3.3810,3.3054,3.3054,3.2299,3.3810,3.3810,3.3054,3.3054,3.2299;
3.3054,3.3054,3.3238,3.2299,3.2483,3.3054,3.3054,3.3238,3.2299,3.2483,3.3054,3.3054,3.3238,3.2299,3.2483,3.3054,3.3054,3.3238,3.2299,3.2483;
3.3054,3.3054,3.2299,3.3238,3.2483,3.3054,3.3054,3.2299,3.3238,3.2483,3.3054,3.3054,3.2299,3.3238,3.2483,3.3054,3.3054,3.2299,3.3238,3.2483;
3.2299,3.2299,3.2483,3.2483,3.2667,3.2299,3.2299,3.2483,3.2483,3.2667,3.2299,3.2299,3.2483,3.2483,3.2667,3.2299,3.2299,3.2483,3.2483,3.2667;
];
