SimGraph=[
4.0000,4.0000,3.6812,3.6812,3.3623,3.6755,3.6755,3.3566,3.3566,3.0378,3.6755,3.6755,3.3566,3.3566,3.0378,3.3509,3.3509,3.0321,3.0321,2.7133;
4.0000,4.0000,3.6812,3.6812,3.3623,3.6755,3.6755,3.3566,3.3566,3.0378,3.6755,3.6755,3.3566,3.3566,3.0378,3.3509,3.3509,3.0321,3.0321,2.7133;
3.6812,3.6812,4.0000,3.3623,3.6812,3.3566,3.3566,3.6755,3.0378,3.3566,3.3566,3.3566,3.6755,3.0378,3.3566,3.0321,3.0321,3.3509,2.7133,3.0321;
3.6812,3.6812,3.3623,4.0000,3.6812,3.3566,3.3566,3.0378,3.6755,3.3566,3.3566,3.3566,3.0378,3.6755,3.3566,3.0321,3.0321,2.7133,3.3509,3.0321;
3.3623,3.3623,3.6812,3.6812,4.0000,3.0378,3.0378,3.3566,3.3566,3.6755,3.0378,3.0378,3.3566,3.3566,3.6755,2.7133,2.7133,3.0321,3.0321,3.3509;
3.6755,3.6755,3.3566,3.3566,3.0378,4.0000,4.0000,3.6812,3.6812,3.3623,3.3509,3.3509,3.0321,3.0321,2.7133,3.6755,3.6755,3.3566,3.3566,3.0378;
3.6755,3.6755,3.3566,3.3566,3.0378,4.0000,4.0000,3.6812,3.6812,3.3623,3.3509,3.3509,3.0321,3.0321,2.7133,3.6755,3.6755,3.3566,3.3566,3.0378;
3.3566,3.3566,3.6755,3.0378,3.3566,3.6812,3.6812,4.0000,3.3623,3.6812,3.0321,3.0321,3.3509,2.7133,3.0321,3.3566,3.3566,3.6755,3.0378,3.3566;
3.3566,3.3566,3.0378,3.6755,3.3566,3.6812,3.6812,3.3623,4.0000,3.6812,3.0321,3.0321,2.7133,3.3509,3.0321,3.3566,3.3566,3.0378,3.6755,3.3566;
3.0378,3.0378,3.3566,3.3566,3.6755,3.3623,3.3623,3.6812,3.6812,4.0000,2.7133,2.7133,3.0321,3.0321,3.3509,3.0378,3.0378,3.3566,3.3566,3.6755;
3.6755,3.6755,3.3566,3.3566,3.0378,3.3509,3.3509,3.0321,3.0321,2.7133,4.0000,4.0000,3.6812,3.6812,3.3623,3.6755,3.6755,3.3566,3.3566,3.0378;
3.6755,3.6755,3.3566,3.3566,3.0378,3.3509,3.3509,3.0321,3.0321,2.7133,4.0000,4.0000,3.6812,3.6812,3.3623,3.6755,3.6755,3.3566,3.3566,3.0378;
3.3566,3.3566,3.6755,3.0378,3.3566,3.0321,3.0321,3.3509,2.7133,3.0321,3.6812,3.6812,4.0000,3.3623,3.6812,3.3566,3.3566,3.6755,3.0378,3.3566;
3.3566,3.3566,3.0378,3.6755,3.3566,3.0321,3.0321,2.7133,3.3509,3.0321,3.6812,3.6812,3.3623,4.0000,3.6812,3.3566,3.3566,3.0378,3.6755,3.3566;
3.0378,3.0378,3.3566,3.3566,3.6755,2.7133,2.7133,3.0321,3.0321,3.3509,3.3623,3.3623,3.6812,3.6812,4.0000,3.0378,3.0378,3.3566,3.3566,3.6755;
3.3509,3.3509,3.0321,3.0321,2.7133,3.6755,3.6755,3.3566,3.3566,3.0378,3.6755,3.6755,3.3566,3.3566,3.0378,4.0000,4.0000,3.6812,3.6812,3.3623;
3.3509,3.3509,3.0321,3.0321,2.7133,3.6755,3.6755,3.3566,3.3566,3.0378,3.6755,3.6755,3.3566,3.3566,3.0378,4.0000,4.0000,3.6812,3.6812,3.3623;
3.0321,3.0321,3.3509,2.7133,3.0321,3.3566,3.3566,3.6755,3.0378,3.3566,3.3566,3.3566,3.6755,3.0378,3.3566,3.6812,3.6812,4.0000,3.3623,3.6812;
3.0321,3.0321,2.7133,3.3509,3.0321,3.3566,3.3566,3.0378,3.6755,3.3566,3.3566,3.3566,3.0378,3.6755,3.3566,3.6812,3.6812,3.3623,4.0000,3.6812;
2.7133,2.7133,3.0321,3.0321,3.3509,3.0378,3.0378,3.3566,3.3566,3.6755,3.0378,3.0378,3.3566,3.3566,3.6755,3.3623,3.3623,3.6812,3.6812,4.0000;
];
