SimGraph=[
1.0000,1.0000,0.9815,0.9815,0.9630,1.0000,1.0000,0.9815,0.9815,0.9630,1.0000,1.0000,0.9815,0.9815,0.9630,1.0000,1.0000,0.9815,0.9815,0.9630;
1.0000,1.0000,0.9815,0.9815,0.9630,1.0000,1.0000,0.9815,0.9815,0.9630,1.0000,1.0000,0.9815,0.9815,0.9630,1.0000,1.0000,0.9815,0.9815,0.9630;
0.9815,0.9815,1.0000,0.9630,0.9815,0.9815,0.9815,1.0000,0.9630,0.9815,0.9815,0.9815,1.0000,0.9630,0.9815,0.9815,0.9815,1.0000,0.9630,0.9815;
0.9815,0.9815,0.9630,1.0000,0.9815,0.9815,0.9815,0.9630,1.0000,0.9815,0.9815,0.9815,0.9630,1.0000,0.9815,0.9815,0.9815,0.9630,1.0000,0.9815;
0.9630,0.9630,0.9815,0.9815,1.0000,0.9630,0.9630,0.9815,0.9815,1.0000,0.9630,0.9630,0.9815,0.9815,1.0000,0.9630,0.9630,0.9815,0.9815,1.0000;
1.0000,1.0000,0.9815,0.9815,0.9630,1.0000,1.0000,0.9815,0.9815,0.9630,1.0000,1.0000,0.9815,0.9815,0.9630,1.0000,1.0000,0.9815,0.9815,0.9630;
1.0000,1.0000,0.9815,0.9815,0.9630,1.0000,1.0000,0.9815,0.9815,0.9630,1.0000,1.0000,0.9815,0.9815,0.9630,1.0000,1.0000,0.9815,0.9815,0.9630;
0.9815,0.9815,1.0000,0.9630,0.9815,0.9815,0.9815,1.0000,0.9630,0.9815,0.9815,0.9815,1.0000,0.9630,0.9815,0.9815,0.9815,1.0000,0.9630,0.9815;
0.9815,0.9815,0.9630,1.0000,0.9815,0.9815,0.9815,0.9630,1.0000,0.9815,0.9815,0.9815,0.9630,1.0000,0.9815,0.9815,0.9815,0.9630,1.0000,0.9815;
0.9630,0.9630,0.9815,0.9815,1.0000,0.9630,0.9630,0.9815,0.9815,1.0000,0.9630,0.9630,0.9815,0.9815,1.0000,0.9630,0.9630,0.9815,0.9815,1.0000;
1.0000,1.0000,0.9815,0.9815,0.9630,1.0000,1.0000,0.9815,0.9815,0.9630,1.0000,1.0000,0.9815,0.9815,0.9630,1.0000,1.0000,0.9815,0.9815,0.9630;
1.0000,1.0000,0.9815,0.9815,0.9630,1.0000,1.0000,0.9815,0.9815,0.9630,1.0000,1.0000,0.9815,0.9815,0.9630,1.0000,1.0000,0.9815,0.9815,0.9630;
0.9815,0.9815,1.0000,0.9630,0.9815,0.9815,0.9815,1.0000,0.9630,0.9815,0.9815,0.9815,1.0000,0.9630,0.9815,0.9815,0.9815,1.0000,0.9630,0.9815;
0.9815,0.9815,0.9630,1.0000,0.9815,0.9815,0.9815,0.9630,1.0000,0.9815,0.9815,0.9815,0.9630,1.0000,0.9815,0.9815,0.9815,0.9630,1.0000,0.9815;
0.9630,0.9630,0.9815,0.9815,1.0000,0.9630,0.9630,0.9815,0.9815,1.0000,0.9630,0.9630,0.9815,0.9815,1.0000,0.9630,0.9630,0.9815,0.9815,1.0000;
1.0000,1.0000,0.9815,0.9815,0.9630,1.0000,1.0000,0.9815,0.9815,0.9630,1.0000,1.0000,0.9815,0.9815,0.9630,1.0000,1.0000,0.9815,0.9815,0.9630;
1.0000,1.0000,0.9815,0.9815,0.9630,1.0000,1.0000,0.9815,0.9815,0.9630,1.0000,1.0000,0.9815,0.9815,0.9630,1.0000,1.0000,0.9815,0.9815,0.9630;
0.9815,0.9815,1.0000,0.9630,0.9815,0.9815,0.9815,1.0000,0.9630,0.9815,0.9815,0.9815,1.0000,0.9630,0.9815,0.9815,0.9815,1.0000,0.9630,0.9815;
0.9815,0.9815,0.9630,1.0000,0.9815,0.9815,0.9815,0.9630,1.0000,0.9815,0.9815,0.9815,0.9630,1.0000,0.9815,0.9815,0.9815,0.9630,1.0000,0.9815;
0.9630,0.9630,0.9815,0.9815,1.0000,0.9630,0.9630,0.9815,0.9815,1.0000,0.9630,0.9630,0.9815,0.9815,1.0000,0.9630,0.9630,0.9815,0.9815,1.0000;
];
