SimGraph=[
2.9722,2.6944,2.7399,2.9722,2.7216,2.7399,2.6843,2.5449,2.7115,2.4338,2.6843,2.5449;
2.6944,2.9087,2.6209,2.6944,2.6026,2.6209,2.7399,2.6004,2.4338,2.6480,2.7399,2.6004;
2.7399,2.6209,3.0421,2.7399,2.6480,3.0421,2.8278,2.6883,2.8550,2.7359,2.8278,2.6883;
2.9722,2.6944,2.7399,2.9722,2.7216,2.7399,2.6843,2.5449,2.7115,2.4338,2.6843,2.5449;
2.7216,2.6026,2.6480,2.7216,2.8452,2.6480,2.4338,2.5097,2.6764,2.5574,2.4338,2.5097;
2.7399,2.6209,3.0421,2.7399,2.6480,3.0421,2.8278,2.6883,2.8550,2.7359,2.8278,2.6883;
2.6843,2.7399,2.8278,2.6843,2.4338,2.8278,3.1056,2.9661,2.7994,2.8550,3.1056,2.9661;
2.5449,2.6004,2.6883,2.5449,2.5097,2.6883,2.9661,3.0421,2.8754,2.9310,2.9661,3.0421;
2.7115,2.4338,2.8550,2.7115,2.6764,2.8550,2.7994,2.8754,3.0421,2.7643,2.7994,2.8754;
2.4338,2.6480,2.7359,2.4338,2.5574,2.7359,2.8550,2.9310,2.7643,2.9786,2.8550,2.9310;
2.6843,2.7399,2.8278,2.6843,2.4338,2.8278,3.1056,2.9661,2.7994,2.8550,3.1056,2.9661;
2.5449,2.6004,2.6883,2.5449,2.5097,2.6883,2.9661,3.0421,2.8754,2.9310,2.9661,3.0421;
];
