SimGraph=[
35.0000,31.4716,31.3913,32.5770,33.7952,32.0820,31.2770,32.5373,32.4598,33.8731,28.4553,29.6099,29.0722,29.1209,28.7982,30.2734,29.7417,29.0411,28.8158,29.0663,30.2263,29.8184,30.3878,30.2385,29.7901,31.4285,30.1256,29.7379,29.9898,30.6168,30.0127,29.7606,29.0439,31.0388,29.2742,28.7352,29.6458,29.4669,28.4358,28.4786,30.8542,29.6471,28.2998,29.4249,28.9588,28.7068,30.1837;
31.4716,35.0000,32.0028,32.0090,32.0378,32.6328,32.7558,32.5547,32.1852,31.7888,28.2407,29.2713,30.3114,29.5727,28.0254,29.2888,28.9861,29.6616,28.7170,30.3520,29.7490,29.8529,29.8555,30.3541,29.9068,30.0093,30.1601,29.2045,29.9724,30.1394,30.6204,29.1688,29.1010,29.8369,30.4921,29.3853,30.2148,28.8751,29.0870,29.1298,29.6523,30.1642,28.9499,29.2852,29.5278,29.3061,30.7527;
31.3913,32.0028,35.0000,30.8665,32.0294,32.2930,33.5981,33.8540,32.5576,31.7110,27.2945,30.1117,28.0610,28.6025,28.9412,28.8899,29.3289,28.1007,28.3135,28.0938,29.7383,29.9082,29.5030,29.3343,30.5772,29.0591,29.1984,29.2016,30.2055,29.7505,29.6588,28.5928,29.8938,29.4419,28.8871,30.0103,29.0721,28.9318,31.1261,30.1521,29.0763,29.6564,29.0095,30.1256,28.5662,29.4915,29.1584;
32.5770,32.0090,30.8665,35.0000,31.9824,32.7372,32.2684,31.5609,32.7422,33.7040,30.0795,29.0260,28.8629,30.1947,28.4327,29.6376,30.6106,28.7798,30.4997,28.2545,30.6601,30.2505,30.3682,30.2207,30.2238,30.5218,30.1061,30.1716,30.3711,30.5989,29.3830,30.8185,30.1013,30.4091,29.2533,29.1660,30.7037,30.5232,28.8690,28.4603,31.3020,30.0259,29.3548,29.0647,28.9393,29.7129,30.1659;
33.7952,32.0378,32.0294,31.9824,35.0000,32.0814,31.2764,32.5813,33.0259,33.2785,27.8434,29.6094,29.6384,29.0769,28.1864,29.0686,29.1471,28.4303,28.2211,29.0223,29.6317,31.0232,30.3872,30.2368,29.7895,31.4552,31.3304,29.7362,30.5844,30.6608,30.6073,29.1659,29.0879,30.4726,29.8403,29.3722,30.2119,29.5109,29.0738,29.1167,29.6494,30.2417,28.9367,28.8141,30.1636,28.7347,30.7498;
32.0820,32.6328,32.2930,32.7372,32.0814,35.0000,32.0879,31.7123,32.6804,32.3992,28.6058,29.6777,29.0263,29.3556,27.7663,29.0142,29.3435,29.6242,29.0666,29.0591,29.8529,29.3901,30.1889,30.0142,30.6917,29.6694,29.2457,29.3162,29.5095,29.7918,29.1715,29.3624,29.2947,28.9547,29.0432,28.9625,29.8417,29.0688,29.3374,28.9287,29.8459,29.1668,29.1513,29.7163,28.0789,30.1808,29.3038;
31.2770,32.7558,33.5981,32.2684,31.2764,32.0879,35.0000,32.4521,31.7943,31.5966,28.5078,30.1256,28.7161,28.6165,29.5963,29.4622,29.9840,29.3140,28.3274,28.1078,29.9331,30.1132,30.3467,29.5290,30.7719,29.8224,29.4035,30.0453,30.9688,29.3066,29.2149,29.4365,29.4499,29.6470,29.0818,29.5664,29.9157,29.1368,30.6823,29.7082,29.9199,30.4197,28.5656,30.1395,28.7712,29.6059,30.0021;
32.5373,32.5547,33.8540,31.5609,32.5813,31.7123,32.4521,35.0000,32.0926,32.8570,27.3883,28.9657,28.6130,28.7028,28.4697,29.0190,30.0233,27.9716,29.0079,28.6457,29.8674,29.4432,29.3739,29.8796,29.4312,29.6044,29.7504,28.7300,29.7405,30.8965,30.2107,29.2872,30.5882,30.5879,29.4390,29.5387,29.1724,29.6262,29.9802,30.0230,29.7707,29.1914,29.1033,28.9796,29.1181,28.9109,29.7103;
32.4598,32.1852,32.5576,32.7422,33.0259,32.6804,31.7943,32.0926,35.0000,33.5867,28.6031,29.9398,29.1369,30.4856,28.7042,29.3990,29.0996,27.9288,29.6299,29.1697,30.7990,30.9013,29.8870,30.3872,30.9569,29.4812,30.1915,30.2546,30.4636,30.1726,30.1174,29.1190,29.0507,29.3338,29.9878,29.8979,30.1650,28.8236,29.6020,28.6279,29.6025,30.1184,28.8971,29.9785,29.0247,28.6981,30.2513;
33.8731,31.7888,31.7110,33.7040,33.2785,32.3992,31.5966,32.8570,33.5867,35.0000,28.9720,29.0932,29.3894,29.6376,28.5077,29.1465,30.0613,28.7481,29.9427,28.7733,30.5465,30.1369,30.7063,30.5587,30.1103,30.3016,30.4441,30.0581,29.6992,30.9369,29.7210,30.0807,29.3635,30.7471,29.5913,29.0524,29.9660,29.7854,28.7554,28.7983,30.5642,29.3541,28.6170,29.1319,29.2773,28.4168,30.5039;
28.4553,28.2407,27.2945,30.0795,27.8434,28.6058,28.5078,27.3883,28.6031,28.9720,35.0000,30.5380,32.3710,32.3091,33.3532,31.1591,32.3650,32.9059,32.5720,31.5298,27.2951,27.4784,27.6039,28.2508,27.4595,29.1621,27.3340,28.2017,28.2092,27.2339,27.4479,28.3533,27.9187,27.8811,27.6637,28.0688,28.8043,28.3406,27.2870,26.9054,28.7740,28.0908,28.5673,27.3337,27.3767,27.8126,28.2665;
29.6099,29.2713,30.1117,29.0260,29.6094,29.6777,30.1256,28.9657,29.9398,29.0932,30.5380,35.0000,31.3070,32.6544,31.4464,33.7783,31.8340,31.3467,32.3654,32.1482,29.1354,28.6726,28.9060,28.7313,29.9742,28.6622,27.9629,28.5987,28.2338,28.5089,28.4252,28.6648,28.5700,28.2084,28.9428,29.4274,29.1170,28.3441,29.8023,28.8553,28.4753,28.4276,28.4266,30.3515,28.0056,28.2791,29.2034;
29.0722,30.3114,28.0610,28.8629,29.6384,29.0263,28.7161,28.6130,29.1369,29.3894,32.3710,31.3070,35.0000,31.6085,32.7140,30.7663,32.5139,33.7919,31.9136,33.5486,28.0677,28.8206,28.8232,28.6728,28.2255,28.4187,29.1277,28.1721,28.3817,28.4581,28.6314,28.5017,28.0676,28.4968,29.4587,28.0422,29.5206,28.4907,28.0536,28.1235,28.3122,28.2658,27.9165,27.4925,29.1704,26.7860,30.0585;
29.1209,29.5727,28.6025,30.1947,29.0769,29.3556,28.6165,28.7028,30.4856,29.6376,32.3091,32.6544,31.6085,35.0000,31.2206,32.7239,32.1954,31.0106,33.5341,33.0598,28.3078,28.4100,27.9610,28.4613,28.4656,28.1654,28.2656,27.7633,28.5825,28.2466,29.3381,29.0268,28.9314,28.5546,29.2442,28.5890,30.0457,28.7043,28.2931,27.9115,29.4474,28.7739,28.7778,29.4501,28.3083,28.5702,29.5078;
28.7982,28.0254,28.9412,28.4327,28.1864,27.7663,29.5963,28.4697,28.7042,28.5077,33.3532,31.4464,32.7140,31.2206,35.0000,31.5092,32.8222,32.6906,31.4835,31.8728,28.2111,28.3901,27.9503,28.6015,28.3755,28.9468,27.6804,29.1178,29.2977,27.5847,27.7943,28.0798,28.3759,28.2275,28.0066,28.9771,28.5308,28.0628,28.9338,27.9868,28.5005,28.4409,28.2860,28.2420,27.7231,26.9808,28.6172;
30.2734,29.2888,28.8899,29.6376,29.0686,29.0142,29.4622,29.0190,29.3990,29.1465,31.1591,33.7783,30.7663,32.7239,31.5092,35.0000,31.8873,31.2934,32.4187,32.2177,29.1887,28.1319,27.6843,28.1840,28.7525,29.2833,27.4221,28.0513,28.8615,28.5622,28.4946,28.7181,28.6233,28.8719,28.4020,28.8800,28.5763,28.3974,28.5806,27.6336,29.1388,29.0553,27.8793,29.7400,27.4648,28.2258,28.6626;
29.7417,28.9861,29.3289,30.6106,29.1471,29.3435,29.9840,30.0233,29.0996,30.0613,32.3650,31.8340,32.5139,32.1954,32.8222,31.8873,35.0000,31.8725,32.5004,31.0625,28.8897,28.4758,28.5936,28.4503,28.4535,28.1855,28.3314,28.4012,28.7731,28.8286,28.1448,30.2576,30.2440,29.1710,28.6576,28.5703,30.1158,29.9309,29.0117,28.6301,30.0681,28.2261,28.7591,28.0194,28.3741,27.9479,29.5779;
29.0411,29.6616,28.1007,28.7798,28.4303,29.6242,29.3140,27.9716,27.9288,28.7481,32.9059,31.3467,33.7919,31.0106,32.6906,31.2934,31.8725,35.0000,31.2723,32.9507,27.4263,27.6125,28.8628,28.0392,28.2652,28.9535,27.9196,27.5385,28.3421,27.8168,28.0335,27.8603,27.4263,28.4656,28.2506,27.4086,28.3125,27.8493,28.0932,28.1632,28.2810,28.2262,27.2829,28.1423,27.9623,27.9941,28.8504;
28.8158,28.7170,28.3135,30.4997,28.2211,29.0666,28.3274,29.0079,29.6299,29.9427,32.5720,32.3654,31.9136,33.5341,31.4835,32.4187,32.5004,31.2723,35.0000,32.7548,28.9225,27.8640,27.9818,28.4832,28.4863,27.5771,27.7196,27.7851,27.4263,28.8614,27.8722,29.3318,29.5461,28.2494,28.6982,28.3011,29.1899,29.3191,28.3138,27.9322,29.1423,27.3079,28.7996,28.5509,27.7623,27.6710,28.6520;
29.0663,30.3520,28.0938,28.2545,29.0223,29.0591,28.1078,28.6457,29.1697,28.7733,31.5298,32.1482,33.5486,33.0598,31.8728,32.2177,31.0625,32.9507,32.7548,35.0000,28.1083,28.2122,28.2148,28.7134,28.2661,28.4205,28.5194,27.5638,28.3836,28.4987,29.2822,27.8933,28.1082,28.4986,29.4993,28.0828,28.9123,27.8823,28.0942,28.1641,28.3140,28.2677,27.9571,28.9439,28.5621,27.4367,29.4502;
30.2263,29.7490,29.7383,30.6601,29.6317,29.8529,29.9331,29.8674,30.7990,30.5465,27.2951,29.1354,28.0677,28.3078,28.2111,29.1887,28.8897,27.4263,28.9225,28.1083,35.0000,32.8279,32.7829,33.5927,34.1612,31.2059,32.5207,33.4600,32.1487,33.9709,30.2199,31.5854,31.1298,31.0892,30.8979,30.5639,31.4706,31.3910,31.0871,30.1130,32.0688,30.7086,30.3751,30.4626,30.4313,30.0784,31.5569;
