SimGraph=[
1.0000,0.9125,0.9142,0.9381,0.9657,0.9268,0.9123,0.9384,0.9392,0.9740,0.8379,0.8561,0.8509,0.8528,0.8502,0.8682,0.8648,0.8502,0.8407,0.8515,0.8574,0.8578,0.8672,0.8689,0.8579,0.8925,0.8566,0.8571,0.8558,0.8710,0.8692,0.8569,0.8361,0.8931,0.8462,0.8337,0.8584,0.8476,0.8239,0.8220,0.8927,0.8572,0.8222,0.8658,0.8339,0.8322,0.8703;
0.9125,1.0000,0.9266,0.9362,0.9248,0.9492,0.9507,0.9386,0.9354,0.9240,0.8266,0.8511,0.8660,0.8524,0.8158,0.8518,0.8407,0.8540,0.8387,0.8662,0.8544,0.8569,0.8543,0.8780,0.8670,0.8653,0.8557,0.8442,0.8556,0.8680,0.8796,0.8437,0.8449,0.8574,0.8791,0.8546,0.8693,0.8344,0.8448,0.8429,0.8570,0.8688,0.8431,0.8533,0.8448,0.8538,0.8812;
0.9142,0.9266,1.0000,0.9013,0.9366,0.9369,0.9539,0.9758,0.9486,0.9258,0.8029,0.8751,0.8268,0.8397,0.8405,0.8399,0.8534,0.8164,0.8379,0.8269,0.8547,0.8672,0.8439,0.8549,0.8801,0.8411,0.8426,0.8446,0.8562,0.8670,0.8666,0.8320,0.8686,0.8564,0.8439,0.8769,0.8457,0.8448,0.8932,0.8679,0.8454,0.8560,0.8534,0.8773,0.8317,0.8539,0.8461;
0.9381,0.9362,0.9013,1.0000,0.9262,0.9493,0.9474,0.9140,0.9408,0.9641,0.8663,0.8421,0.8404,0.8581,0.8287,0.8548,0.8781,0.8403,0.8685,0.8186,0.8694,0.8698,0.8678,0.8695,0.8699,0.8787,0.8571,0.8691,0.8685,0.8716,0.8473,0.8812,0.8605,0.8712,0.8467,0.8456,0.8827,0.8720,0.8359,0.8226,0.8946,0.8699,0.8465,0.8444,0.8344,0.8573,0.8709;
0.9657,0.9248,0.9366,0.9262,1.0000,0.9271,0.9125,0.9486,0.9515,0.9621,0.8157,0.8564,0.8632,0.8426,0.8280,0.8339,0.8530,0.8280,0.8288,0.8412,0.8455,0.8921,0.8675,0.8691,0.8581,0.8924,0.8909,0.8573,0.8677,0.8812,0.8811,0.8450,0.8463,0.8808,0.8584,0.8560,0.8706,0.8578,0.8462,0.8443,0.8583,0.8691,0.8445,0.8437,0.8682,0.8321,0.8825;
0.9268,0.9492,0.9369,0.9493,0.9271,1.0000,0.9361,0.9247,0.9491,0.9383,0.8389,0.8637,0.8425,0.8526,0.8157,0.8516,0.8530,0.8552,0.8508,0.8425,0.8552,0.8457,0.8564,0.8674,0.8805,0.8547,0.8330,0.8451,0.8444,0.8573,0.8452,0.8450,0.8462,0.8350,0.8446,0.8436,0.8586,0.8357,0.8465,0.8332,0.8584,0.8458,0.8444,0.8661,0.8103,0.8679,0.8468;
0.9123,0.9507,0.9539,0.9474,0.9125,0.9361,1.0000,0.9298,0.9246,0.9238,0.8379,0.8651,0.8387,0.8297,0.8524,0.8530,0.8653,0.8514,0.8279,0.8169,0.8557,0.8681,0.8669,0.8559,0.8810,0.8650,0.8435,0.8675,0.8802,0.8458,0.8455,0.8550,0.8475,0.8572,0.8448,0.8558,0.8686,0.8457,0.8721,0.8468,0.8683,0.8800,0.8323,0.8673,0.8326,0.8559,0.8691;
0.9384,0.9386,0.9758,0.9140,0.9486,0.9247,0.9298,1.0000,0.9372,0.9500,0.8034,0.8509,0.8388,0.8402,0.8290,0.8406,0.8661,0.8156,0.8506,0.8389,0.8554,0.8558,0.8432,0.8669,0.8559,0.8530,0.8546,0.8331,0.8448,0.8911,0.8786,0.8447,0.8813,0.8805,0.8559,0.8655,0.8462,0.8575,0.8691,0.8672,0.8581,0.8446,0.8540,0.8531,0.8438,0.8417,0.8581;
0.9392,0.9354,0.9486,0.9408,0.9515,0.9491,0.9246,0.9372,1.0000,0.9652,0.8303,0.8753,0.8518,0.8791,0.8401,0.8529,0.8531,0.8166,0.8654,0.8519,0.8796,0.8821,0.8561,0.8798,0.8922,0.8439,0.8574,0.8694,0.8577,0.8698,0.8696,0.8451,0.8463,0.8474,0.8690,0.8679,0.8707,0.8358,0.8582,0.8329,0.8585,0.8591,0.8445,0.8777,0.8348,0.8322,0.8712;
0.9740,0.9240,0.9258,0.9641,0.9621,0.9383,0.9238,0.9500,0.9652,1.0000,0.8415,0.8526,0.8624,0.8563,0.8393,0.8422,0.8764,0.8393,0.8667,0.8405,0.8690,0.8693,0.8787,0.8805,0.8694,0.8665,0.8681,0.8687,0.8449,0.8825,0.8583,0.8684,0.8477,0.8822,0.8577,0.8452,0.8699,0.8591,0.8354,0.8335,0.8818,0.8463,0.8337,0.8549,0.8454,0.8213,0.8818;
0.8379,0.8266,0.8029,0.8663,0.8157,0.8389,0.8379,0.8034,0.8303,0.8415,1.0000,0.8982,0.9375,0.9367,0.9624,0.9213,0.9373,0.9599,0.9383,0.9229,0.7832,0.7956,0.7937,0.8095,0.7958,0.8411,0.7830,0.8091,0.8168,0.7853,0.7964,0.8286,0.8080,0.8081,0.8064,0.8084,0.8314,0.8195,0.7956,0.7931,0.8316,0.8190,0.8203,0.8047,0.8049,0.8172,0.8195;
0.8561,0.8511,0.8751,0.8421,0.8564,0.8637,0.8651,0.8509,0.8753,0.8526,0.8982,1.0000,0.9222,0.9495,0.9225,0.9648,0.9354,0.9118,0.9477,0.9367,0.8317,0.8222,0.8210,0.8319,0.8571,0.8112,0.7976,0.8216,0.7978,0.8218,0.8216,0.8418,0.8323,0.8113,0.8430,0.8540,0.8447,0.8218,0.8569,0.8424,0.8224,0.8110,0.8305,0.8689,0.8195,0.8196,0.8451;
0.8509,0.8660,0.8268,0.8404,0.8632,0.8425,0.8387,0.8388,0.8518,0.8624,0.9375,0.9222,1.0000,0.9234,0.9498,0.8997,0.9489,0.9649,0.9355,0.9630,0.8071,0.8316,0.8291,0.8307,0.8197,0.8169,0.8304,0.8189,0.8072,0.8207,0.8214,0.8402,0.8197,0.8211,0.8538,0.8183,0.8550,0.8312,0.8195,0.8285,0.8207,0.8094,0.8178,0.8062,0.8523,0.7832,0.8669;
0.8528,0.8524,0.8397,0.8581,0.8426,0.8526,0.8297,0.8402,0.8791,0.8563,0.9367,0.9495,0.9234,1.0000,0.9222,0.9495,0.9370,0.9107,0.9638,0.9604,0.8091,0.8115,0.7975,0.8212,0.8217,0.8078,0.7988,0.7989,0.8096,0.8112,0.8453,0.8435,0.8339,0.8231,0.8443,0.8312,0.8583,0.8234,0.8215,0.8189,0.8465,0.8228,0.8320,0.8559,0.8208,0.8309,0.8464;
0.8502,0.8158,0.8405,0.8287,0.8280,0.8157,0.8524,0.8290,0.8401,0.8393,0.9624,0.9225,0.9498,0.9222,1.0000,0.9224,0.9506,0.9491,0.9238,0.9352,0.8075,0.8199,0.8060,0.8218,0.8201,0.8303,0.7953,0.8335,0.8313,0.7977,0.8087,0.8286,0.8214,0.8205,0.8187,0.8327,0.8315,0.8195,0.8332,0.8187,0.8316,0.8201,0.8203,0.8289,0.8173,0.7941,0.8319;
0.8682,0.8518,0.8399,0.8548,0.8339,0.8516,0.8530,0.8406,0.8529,0.8422,0.9213,0.9648,0.8997,0.9495,0.9224,1.0000,0.9251,0.9221,0.9374,0.9367,0.8214,0.7997,0.7858,0.8094,0.8218,0.8342,0.7751,0.7991,0.8209,0.8115,0.8215,0.8315,0.8219,0.8234,0.8205,0.8315,0.8222,0.8115,0.8216,0.8072,0.8345,0.8341,0.8080,0.8562,0.7971,0.8299,0.8227;
0.8648,0.8407,0.8534,0.8781,0.8530,0.8530,0.8653,0.8661,0.8531,0.8764,0.9373,0.9354,0.9489,0.9370,0.9506,0.9251,1.0000,0.9257,0.9474,0.9119,0.8216,0.8219,0.8199,0.8216,0.8221,0.8076,0.8092,0.8213,0.8108,0.8237,0.8112,0.8780,0.8597,0.8351,0.8326,0.8316,0.8687,0.8579,0.8351,0.8326,0.8586,0.8107,0.8324,0.8194,0.8312,0.8089,0.8569;
0.8502,0.8540,0.8164,0.8403,0.8280,0.8552,0.8514,0.8156,0.8166,0.8393,0.9599,0.9118,0.9649,0.9107,0.9491,0.9221,0.9257,1.0000,0.9123,0.9503,0.7840,0.7964,0.8187,0.8076,0.8093,0.8393,0.7952,0.7958,0.8176,0.7975,0.8087,0.8170,0.7965,0.8204,0.8187,0.7952,0.8199,0.8080,0.8091,0.8181,0.8200,0.8198,0.7947,0.8182,0.8172,0.8184,0.8318;
0.8407,0.8387,0.8379,0.8685,0.8288,0.8508,0.8279,0.8506,0.8654,0.8667,0.9383,0.9477,0.9355,0.9638,0.9238,0.9374,0.9474,0.9123,1.0000,0.9501,0.8304,0.8088,0.8068,0.8305,0.8309,0.7946,0.7961,0.8081,0.7844,0.8326,0.8091,0.8538,0.8553,0.8110,0.8415,0.8295,0.8446,0.8448,0.8307,0.8282,0.8344,0.7866,0.8413,0.8317,0.8181,0.8067,0.8327;
0.8515,0.8662,0.8269,0.8186,0.8412,0.8425,0.8169,0.8389,0.8519,0.8405,0.9229,0.9367,0.9630,0.9604,0.9352,0.9367,0.9119,0.9503,0.9501,1.0000,0.8073,0.8097,0.8072,0.8309,0.8199,0.8175,0.8085,0.7971,0.8078,0.8208,0.8439,0.8184,0.8198,0.8217,0.8540,0.8185,0.8332,0.8093,0.8197,0.8286,0.8213,0.8100,0.8180,0.8432,0.8305,0.8058,0.8451;
0.8574,0.8544,0.8547,0.8694,0.8455,0.8552,0.8557,0.8554,0.8796,0.8690,0.7832,0.8317,0.8071,0.8091,0.8075,0.8214,0.8216,0.7840,0.8304,0.8073,1.0000,0.9395,0.9513,0.9623,0.9746,0.8934,0.9407,0.9519,0.9190,0.9643,0.8691,0.8934,0.8926,0.8826,0.8911,0.8793,0.8949,0.8937,0.8923,0.8670,0.9067,0.8701,0.8785,0.8781,0.8685,0.8566,0.8953;
0.8578,0.8569,0.8672,0.8698,0.8921,0.8457,0.8681,0.8558,0.8821,0.8693,0.7956,0.8222,0.8316,0.8115,0.8199,0.7997,0.8219,0.7964,0.8088,0.8097,0.9395,1.0000,0.9520,0.9397,0.9521,0.9022,0.9754,0.9513,0.9397,0.9517,0.9076,0.8806,0.8930,0.9190,0.8935,0.8919,0.9063,0.9301,0.9048,0.8796,0.8940,0.9167,0.8911,0.8686,0.9290,0.8562,0.9067;
0.8672,0.8543,0.8439,0.8678,0.8675,0.8564,0.8669,0.8432,0.8561,0.8787,0.7937,0.8210,0.8291,0.7975,0.8060,0.7858,0.8199,0.8187,0.8068,0.8072,0.9513,0.9520,1.0000,0.9492,0.9509,0.9154,0.9766,0.9374,0.9174,0.9391,0.8830,0.8787,0.8689,0.9064,0.8910,0.8559,0.8923,0.9060,0.8815,0.8797,0.8920,0.8686,0.8671,0.8674,0.9044,0.8448,0.9042;
0.8689,0.8780,0.8549,0.8695,0.8691,0.8674,0.8559,0.8669,0.8798,0.8805,0.8095,0.8319,0.8307,0.8212,0.8218,0.8094,0.8216,0.8076,0.8305,0.8309,0.9623,0.9397,0.9492,1.0000,0.9749,0.9053,0.9385,0.9662,0.8934,0.9758,0.8927,0.8934,0.8926,0.8941,0.9147,0.8937,0.9071,0.8937,0.8926,0.8907,0.9068,0.8703,0.9048,0.8783,0.8921,0.8688,0.9189;
