SimGraph=[
32.2998,32.2215,32.2077,32.3444,32.3174,32.2391,32.2418,32.2337,32.3365,32.3457,31.9007,32.1230,32.0398,32.1222,31.9933,32.0558,32.1606,31.9396,32.0515,32.0288,32.3207,32.4243,32.2944,32.4180,32.4435,32.1970,32.2982,32.3902,32.2184,32.4550,32.4360,32.3520,32.4372,32.4736,32.4264,32.3598,32.5175,32.4604,32.4306,32.2802,32.4932,32.3820,32.3373,32.3047,32.3217,32.2075,32.5369;
32.2215,32.1972,32.1629,32.2882,32.2411,32.1684,32.2173,32.1890,32.2601,32.2693,31.8290,32.0514,31.9648,32.0488,31.9159,31.9880,32.0855,31.8682,31.9800,31.9553,32.2589,32.3625,32.2324,32.3558,32.3815,32.1385,32.2364,32.3279,32.1604,32.3932,32.3715,32.2894,32.3745,32.4091,32.3638,32.2967,32.4549,32.3977,32.3679,32.2174,32.4287,32.3233,32.2742,32.2229,32.2591,32.1486,32.4743;
32.2077,32.1629,32.1574,32.2571,32.2275,32.1499,32.1911,32.1827,32.2489,32.2579,31.8207,32.0411,31.9569,32.0404,31.9176,31.9714,32.0854,31.8554,31.9717,31.9440,32.2388,32.3390,32.2090,32.3375,32.3621,32.1070,32.2127,32.3099,32.1339,32.3732,32.3478,32.2695,32.3541,32.3855,32.3352,32.2711,32.4348,32.3746,32.3478,32.1971,32.4088,32.2897,32.2488,32.2126,32.2353,32.1240,32.4538;
32.3444,32.2882,32.2571,32.4127,32.3639,32.2921,32.3115,32.2826,32.3843,32.3930,31.9465,32.1673,32.0800,32.1658,32.0346,32.1038,32.2041,31.9836,32.0970,32.0706,32.3850,32.4873,32.3569,32.4818,32.5078,32.2618,32.3607,32.4544,32.2861,32.5188,32.4966,32.4166,32.5014,32.5342,32.4873,32.4212,32.5821,32.5237,32.4945,32.3436,32.5559,32.4473,32.3991,32.3471,32.3842,32.2759,32.6007;
32.3174,32.2411,32.2275,32.3639,32.3374,32.2585,32.2612,32.2536,32.3560,32.3652,31.9179,32.1424,32.0594,32.1399,32.0105,32.0734,32.1801,31.9571,32.0710,32.0464,32.3403,32.4443,32.3138,32.4371,32.4629,32.2146,32.3182,32.4093,32.2365,32.4750,32.4541,32.3715,32.4571,32.4916,32.4459,32.3793,32.5370,32.4803,32.4504,32.3000,32.5108,32.4001,32.3568,32.3222,32.3417,32.2255,32.5565;
32.2391,32.1684,32.1499,32.2921,32.2585,32.1874,32.1897,32.1749,32.2781,32.2869,31.8482,32.0652,31.9809,32.0623,31.9348,32.0013,32.1027,31.8851,31.9936,31.9680,32.2625,32.3659,32.2361,32.3609,32.3857,32.1437,32.2393,32.3335,32.1638,32.3962,32.3752,32.2941,32.3792,32.4129,32.3675,32.3031,32.4594,32.4024,32.3728,32.2219,32.4333,32.3274,32.2810,32.2450,32.2628,32.1539,32.4780;
32.2418,32.2173,32.1911,32.3115,32.2612,32.1897,32.2455,32.2164,32.2830,32.2921,31.8544,32.0725,31.9849,32.0719,31.9456,32.0086,32.1133,31.8891,32.0032,31.9755,32.2875,32.3873,32.2577,32.3862,32.4107,32.1609,32.2609,32.3586,32.1878,32.4215,32.3960,32.3182,32.4023,32.4337,32.3839,32.3194,32.4835,32.4229,32.3961,32.2454,32.4575,32.3437,32.2971,32.2440,32.2836,32.1780,32.5025;
32.2337,32.1890,32.1827,32.2826,32.2536,32.1749,32.2164,32.2087,32.2747,32.2839,31.8446,32.0663,31.9831,32.0661,31.9417,31.9972,32.1109,31.8809,31.9973,31.9701,32.2645,32.3649,32.2345,32.3618,32.3873,32.1313,32.2388,32.3339,32.1597,32.3992,32.3739,32.2950,32.3796,32.4115,32.3613,32.2952,32.4605,32.4001,32.3731,32.2226,32.4343,32.3156,32.2727,32.2378,32.2615,32.1491,32.4799;
32.3365,32.2601,32.2489,32.3843,32.3560,32.2781,32.2830,32.2747,32.3762,32.3851,31.9383,32.1618,32.0784,32.1603,32.0323,32.0927,32.2021,31.9761,32.0914,32.0655,32.3624,32.4647,32.3344,32.4590,32.4850,32.2332,32.3384,32.4314,32.2578,32.4964,32.4742,32.3939,32.4787,32.5118,32.4650,32.3982,32.5594,32.5009,32.4718,32.3211,32.5331,32.4190,32.3759,32.3415,32.3618,32.2474,32.5783;
32.3457,32.2693,32.2579,32.3930,32.3652,32.2869,32.2921,32.2839,32.3851,32.3944,31.9475,32.1708,32.0876,32.1690,32.0417,32.1017,32.2109,31.9854,32.1002,32.0746,32.3713,32.4736,32.3437,32.4686,32.4941,32.2429,32.3476,32.4408,32.2667,32.5056,32.4834,32.4026,32.4874,32.5210,32.4741,32.4075,32.5681,32.5097,32.4809,32.3304,32.5419,32.4279,32.3850,32.3506,32.3710,32.2562,32.5875;
31.9007,31.8290,31.8207,31.9465,31.9179,31.8482,31.8544,31.8446,31.9383,31.9475,31.5664,31.7583,31.6920,31.7566,31.6546,31.6951,31.7986,31.5995,31.7043,31.6794,31.9290,32.0309,31.9026,32.0315,32.0534,31.8134,31.9043,32.0041,31.8316,32.0628,32.0391,31.9756,32.0454,32.0771,32.0308,31.9681,32.1228,32.0676,32.0401,31.9070,32.0988,31.9898,31.9487,31.9162,31.9455,31.8383,32.1414;
32.1230,32.0514,32.0411,32.1673,32.1424,32.0652,32.0725,32.0663,32.1618,32.1708,31.7583,31.9805,31.8971,31.9774,31.8507,31.9109,32.0185,31.7955,31.9087,31.8835,32.1509,32.2544,32.1248,32.2496,32.2742,32.0267,32.1280,32.2220,32.0466,32.2849,32.2637,32.2002,32.2675,32.3014,32.2561,32.1916,32.3477,32.2907,32.2612,32.1283,32.3215,32.2100,32.1693,32.1365,32.1692,32.0541,32.3667;
32.0398,31.9648,31.9569,32.0800,32.0594,31.9809,31.9849,31.9831,32.0784,32.0876,31.6920,31.8971,31.8334,31.8945,31.7846,31.8280,31.9363,31.7311,31.8436,31.8189,32.0667,32.1703,32.0402,32.1636,32.1893,31.9406,32.0442,32.1357,31.9625,32.2010,32.1771,32.1129,32.1831,32.2146,32.1723,32.1024,32.2606,32.2063,32.1764,32.0437,32.2342,32.1231,32.0827,32.0530,32.0854,31.9663,32.2801;
32.1222,32.0488,32.0404,32.1658,32.1399,32.0623,32.0719,32.0661,32.1603,32.1690,31.7566,31.9774,31.8945,31.9779,31.8505,31.9103,32.0186,31.7941,31.9072,31.8828,32.1512,32.2535,32.1230,32.2476,32.2739,32.0238,32.1270,32.2202,32.0486,32.2850,32.2646,32.2006,32.2676,32.3021,32.2535,32.1870,32.3483,32.2898,32.2606,32.1275,32.3238,32.2095,32.1648,32.1353,32.1682,32.0558,32.3669;
31.9933,31.9159,31.9176,32.0346,32.0105,31.9348,31.9456,31.9417,32.0323,32.0417,31.6546,31.8507,31.7846,31.8505,31.7515,31.7818,31.8954,31.6864,31.7981,31.7720,32.0266,32.1261,31.9980,32.1293,32.1510,31.9003,31.9997,32.1017,31.9228,32.1606,32.1345,32.0730,32.1422,32.1725,32.1234,32.0604,32.2202,32.1627,32.1371,32.0042,32.1962,32.0764,32.0409,32.0086,32.0409,31.9300,32.2392;
32.0558,31.9880,31.9714,32.1038,32.0734,32.0013,32.0086,31.9972,32.0927,32.1017,31.6951,31.9109,31.8280,31.9103,31.7818,31.8493,31.9493,31.7335,31.8396,31.8163,32.0818,32.1853,32.0552,32.1788,32.2045,31.9635,32.0590,32.1512,31.9851,32.2158,32.1966,32.1310,32.1983,32.2341,32.1871,32.1207,32.2786,32.2215,32.1916,32.0587,32.2542,32.1486,32.0984,32.0688,32.1002,31.9921,32.2976;
32.1606,32.0855,32.0854,32.2041,32.1801,32.1027,32.1133,32.1109,32.2021,32.2109,31.7986,32.0185,31.9363,32.0186,31.8954,31.9493,32.0650,31.8341,31.9498,31.9218,32.1932,32.2931,32.1627,32.2900,32.3160,32.0590,32.1665,32.2626,32.0880,32.3270,32.3022,32.2426,32.3089,32.3398,32.2902,32.2241,32.3902,32.3294,32.3020,32.1689,32.3639,32.2444,32.2020,32.1744,32.2078,32.0960,32.4089;
31.9396,31.8682,31.8554,31.9836,31.9571,31.8851,31.8891,31.8809,31.9761,31.9854,31.5995,31.7955,31.7311,31.7941,31.6864,31.7335,31.8341,31.6372,31.7414,31.7185,31.9645,32.0680,31.9387,32.0635,32.0878,31.8482,31.9419,32.0356,31.8678,32.0988,32.0767,32.0108,32.0809,32.1144,32.0700,32.0024,32.1583,32.1041,32.0748,31.9422,32.1340,32.0284,31.9827,31.9534,31.9831,31.8723,32.1778;
32.0515,31.9800,31.9717,32.0970,32.0710,31.9936,32.0032,31.9973,32.0914,32.1002,31.7043,31.9087,31.8436,31.9072,31.7981,31.8396,31.9498,31.7414,31.8563,31.8300,32.0852,32.1875,32.0571,32.1821,32.2080,31.9563,32.0610,32.1546,31.9806,32.2190,32.1938,32.1318,32.2016,32.2314,32.1875,32.1186,32.2794,32.2239,32.1947,32.0616,32.2531,32.1388,32.0992,32.0647,32.1022,31.9853,32.2981;
32.0288,31.9553,31.9440,32.0706,32.0464,31.9680,31.9755,31.9701,32.0655,32.0746,31.6794,31.8835,31.8189,31.8828,31.7720,31.8163,31.9218,31.7185,31.8300,31.8072,32.0573,32.1609,32.0308,32.1542,32.1799,31.9331,32.0348,32.1263,31.9549,32.1915,32.1696,32.1035,32.1736,32.2071,32.1629,32.0930,32.2512,32.1968,32.1670,32.0343,32.2267,32.1156,32.0733,32.0413,32.0760,31.9587,32.2706;
32.3207,32.2589,32.2388,32.3850,32.3403,32.2625,32.2875,32.2645,32.3624,32.3713,31.9290,32.1509,32.0667,32.1512,32.0266,32.0818,32.1932,31.9645,32.0852,32.0573,32.4227,32.4875,32.3919,32.4852,32.5109,32.2778,32.3958,32.4576,32.3173,32.5221,32.4836,32.4093,32.4906,32.5243,32.4713,32.4046,32.5748,32.5139,32.4839,32.3332,32.5486,32.4281,32.3827,32.3304,32.3748,32.2598,32.5938;
