SimGraph=[
1.0000,0.9765,0.9780,0.9819,0.9906,0.9811,0.9755,0.9824,0.9874,0.9938,0.9284,0.9385,0.9325,0.9383,0.9321,0.9403,0.9353,0.9318,0.9317,0.9360,0.9486,0.9492,0.9502,0.9525,0.9511,0.9604,0.9466,0.9483,0.9501,0.9518,0.9519,0.9477,0.9404,0.9577,0.9436,0.9408,0.9490,0.9426,0.9394,0.9382,0.9586,0.9491,0.9354,0.9513,0.9407,0.9415,0.9524;
0.9765,1.0000,0.9786,0.9859,0.9784,0.9857,0.9886,0.9813,0.9830,0.9809,0.9269,0.9369,0.9352,0.9354,0.9223,0.9378,0.9303,0.9330,0.9318,0.9363,0.9473,0.9479,0.9466,0.9535,0.9515,0.9561,0.9454,0.9449,0.9506,0.9504,0.9488,0.9429,0.9413,0.9462,0.9478,0.9433,0.9483,0.9382,0.9421,0.9410,0.9466,0.9498,0.9379,0.9421,0.9404,0.9436,0.9517;
0.9780,0.9786,1.0000,0.9720,0.9850,0.9807,0.9856,0.9956,0.9856,0.9815,0.9169,0.9405,0.9262,0.9311,0.9284,0.9306,0.9350,0.9211,0.9299,0.9268,0.9477,0.9531,0.9450,0.9491,0.9547,0.9478,0.9462,0.9449,0.9501,0.9540,0.9496,0.9414,0.9492,0.9493,0.9423,0.9515,0.9444,0.9438,0.9547,0.9492,0.9451,0.9482,0.9442,0.9499,0.9412,0.9444,0.9455;
0.9819,0.9859,0.9720,1.0000,0.9797,0.9886,0.9864,0.9741,0.9842,0.9881,0.9350,0.9349,0.9295,0.9374,0.9235,0.9376,0.9384,0.9297,0.9379,0.9263,0.9509,0.9510,0.9496,0.9524,0.9533,0.9591,0.9461,0.9505,0.9538,0.9516,0.9442,0.9544,0.9478,0.9500,0.9431,0.9427,0.9557,0.9489,0.9423,0.9388,0.9581,0.9518,0.9418,0.9421,0.9401,0.9490,0.9522;
0.9906,0.9784,0.9850,0.9797,1.0000,0.9807,0.9750,0.9877,0.9892,0.9915,0.9214,0.9380,0.9343,0.9330,0.9251,0.9309,0.9331,0.9242,0.9295,0.9306,0.9464,0.9586,0.9497,0.9527,0.9506,0.9609,0.9560,0.9484,0.9523,0.9571,0.9542,0.9455,0.9457,0.9559,0.9454,0.9485,0.9508,0.9479,0.9465,0.9453,0.9492,0.9513,0.9431,0.9436,0.9501,0.9414,0.9543;
0.9811,0.9857,0.9807,0.9886,0.9807,1.0000,0.9819,0.9782,0.9877,0.9855,0.9298,0.9380,0.9293,0.9359,0.9207,0.9362,0.9337,0.9323,0.9347,0.9300,0.9455,0.9438,0.9452,0.9488,0.9524,0.9514,0.9389,0.9427,0.9465,0.9462,0.9413,0.9446,0.9431,0.9410,0.9403,0.9400,0.9477,0.9400,0.9421,0.9386,0.9484,0.9447,0.9391,0.9460,0.9329,0.9481,0.9442;
0.9755,0.9886,0.9856,0.9864,0.9750,0.9819,1.0000,0.9812,0.9787,0.9790,0.9269,0.9386,0.9282,0.9292,0.9304,0.9368,0.9369,0.9311,0.9280,0.9250,0.9497,0.9519,0.9514,0.9512,0.9567,0.9546,0.9451,0.9513,0.9569,0.9485,0.9441,0.9477,0.9437,0.9482,0.9443,0.9460,0.9508,0.9426,0.9491,0.9436,0.9515,0.9550,0.9387,0.9481,0.9400,0.9469,0.9518;
0.9824,0.9813,0.9956,0.9741,0.9877,0.9782,0.9812,1.0000,0.9839,0.9859,0.9171,0.9360,0.9288,0.9314,0.9266,0.9307,0.9370,0.9210,0.9319,0.9295,0.9478,0.9515,0.9449,0.9517,0.9502,0.9503,0.9489,0.9431,0.9484,0.9584,0.9523,0.9434,0.9512,0.9538,0.9450,0.9497,0.9447,0.9458,0.9502,0.9491,0.9471,0.9465,0.9444,0.9455,0.9439,0.9419,0.9482;
0.9874,0.9830,0.9856,0.9842,0.9892,0.9877,0.9787,0.9839,1.0000,0.9936,0.9259,0.9435,0.9346,0.9419,0.9288,0.9364,0.9349,0.9244,0.9383,0.9352,0.9538,0.9537,0.9480,0.9557,0.9580,0.9501,0.9468,0.9515,0.9485,0.9526,0.9492,0.9466,0.9443,0.9466,0.9482,0.9480,0.9519,0.9411,0.9470,0.9415,0.9503,0.9465,0.9407,0.9507,0.9408,0.9393,0.9530;
0.9938,0.9809,0.9815,0.9881,0.9915,0.9855,0.9790,0.9859,0.9936,1.0000,0.9275,0.9394,0.9369,0.9374,0.9285,0.9341,0.9389,0.9291,0.9380,0.9332,0.9515,0.9516,0.9526,0.9554,0.9539,0.9542,0.9491,0.9511,0.9464,0.9546,0.9472,0.9505,0.9439,0.9530,0.9461,0.9433,0.9518,0.9450,0.9429,0.9418,0.9543,0.9445,0.9379,0.9466,0.9431,0.9371,0.9553;
0.9284,0.9269,0.9169,0.9350,0.9214,0.9298,0.9269,0.9171,0.9259,0.9275,1.0000,0.9726,0.9837,0.9827,0.9885,0.9805,0.9801,0.9906,0.9839,0.9818,0.9007,0.9032,0.9013,0.9082,0.9051,0.9221,0.8983,0.9064,0.9132,0.9014,0.9091,0.9181,0.9114,0.9108,0.9090,0.9121,0.9197,0.9108,0.9078,0.9062,0.9190,0.9150,0.9114,0.9168,0.9063,0.9155,0.9163;
0.9385,0.9369,0.9405,0.9349,0.9380,0.9380,0.9386,0.9360,0.9435,0.9394,0.9726,1.0000,0.9813,0.9880,0.9782,0.9902,0.9848,0.9762,0.9868,0.9832,0.9226,0.9206,0.9200,0.9241,0.9296,0.9204,0.9137,0.9198,0.9143,0.9214,0.9219,0.9294,0.9261,0.9199,0.9287,0.9304,0.9305,0.9223,0.9316,0.9281,0.9232,0.9173,0.9230,0.9354,0.9218,0.9186,0.9315;
0.9325,0.9352,0.9262,0.9295,0.9343,0.9293,0.9282,0.9288,0.9346,0.9369,0.9837,0.9813,1.0000,0.9798,0.9871,0.9742,0.9850,0.9899,0.9864,0.9909,0.9094,0.9144,0.9131,0.9157,0.9136,0.9146,0.9119,0.9114,0.9091,0.9125,0.9155,0.9223,0.9162,0.9156,0.9227,0.9180,0.9256,0.9158,0.9170,0.9179,0.9160,0.9111,0.9128,0.9190,0.9199,0.9044,0.9291;
0.9383,0.9354,0.9311,0.9374,0.9330,0.9359,0.9292,0.9314,0.9419,0.9374,0.9827,0.9880,0.9798,1.0000,0.9792,0.9881,0.9846,0.9768,0.9893,0.9889,0.9153,0.9152,0.9115,0.9192,0.9195,0.9208,0.9102,0.9130,0.9172,0.9160,0.9256,0.9285,0.9260,0.9213,0.9253,0.9232,0.9319,0.9210,0.9222,0.9207,0.9294,0.9192,0.9223,0.9322,0.9183,0.9221,0.9284;
0.9321,0.9223,0.9284,0.9235,0.9251,0.9207,0.9304,0.9266,0.9288,0.9285,0.9885,0.9782,0.9871,0.9792,1.0000,0.9782,0.9851,0.9860,0.9804,0.9852,0.9097,0.9125,0.9087,0.9152,0.9140,0.9179,0.9057,0.9153,0.9167,0.9085,0.9165,0.9206,0.9164,0.9182,0.9177,0.9227,0.9223,0.9137,0.9193,0.9158,0.9215,0.9177,0.9155,0.9274,0.9137,0.9100,0.9233;
0.9403,0.9378,0.9306,0.9376,0.9309,0.9362,0.9368,0.9307,0.9364,0.9341,0.9805,0.9902,0.9742,0.9881,0.9782,1.0000,0.9795,0.9815,0.9815,0.9833,0.9173,0.9135,0.9102,0.9169,0.9198,0.9284,0.9066,0.9126,0.9224,0.9161,0.9220,0.9241,0.9208,0.9217,0.9216,0.9232,0.9234,0.9170,0.9218,0.9183,0.9250,0.9254,0.9158,0.9328,0.9147,0.9239,0.9244;
0.9353,0.9303,0.9350,0.9384,0.9331,0.9337,0.9369,0.9370,0.9349,0.9389,0.9801,0.9848,0.9850,0.9846,0.9851,0.9795,1.0000,0.9771,0.9851,0.9758,0.9180,0.9184,0.9170,0.9195,0.9204,0.9149,0.9135,0.9176,0.9154,0.9187,0.9173,0.9355,0.9311,0.9214,0.9255,0.9251,0.9348,0.9283,0.9256,0.9241,0.9292,0.9166,0.9242,0.9268,0.9216,0.9158,0.9313;
0.9318,0.9330,0.9211,0.9297,0.9242,0.9323,0.9311,0.9210,0.9244,0.9291,0.9906,0.9762,0.9899,0.9768,0.9860,0.9815,0.9771,1.0000,0.9786,0.9879,0.9016,0.9043,0.9081,0.9074,0.9086,0.9215,0.9018,0.9031,0.9142,0.9047,0.9126,0.9145,0.9084,0.9149,0.9126,0.9097,0.9155,0.9080,0.9120,0.9128,0.9154,0.9162,0.9045,0.9211,0.9098,0.9145,0.9190;
0.9317,0.9318,0.9299,0.9379,0.9295,0.9347,0.9280,0.9319,0.9383,0.9380,0.9839,0.9868,0.9864,0.9893,0.9804,0.9815,0.9851,0.9786,1.0000,0.9883,0.9160,0.9118,0.9104,0.9175,0.9185,0.9120,0.9069,0.9114,0.9067,0.9168,0.9149,0.9291,0.9267,0.9146,0.9220,0.9214,0.9284,0.9218,0.9212,0.9197,0.9228,0.9085,0.9207,0.9238,0.9150,0.9137,0.9249;
0.9360,0.9363,0.9268,0.9263,0.9306,0.9300,0.9250,0.9295,0.9352,0.9332,0.9818,0.9832,0.9909,0.9889,0.9852,0.9833,0.9758,0.9879,0.9883,1.0000,0.9106,0.9112,0.9099,0.9168,0.9148,0.9186,0.9087,0.9082,0.9131,0.9137,0.9238,0.9191,0.9174,0.9195,0.9238,0.9191,0.9224,0.9126,0.9182,0.9190,0.9200,0.9151,0.9139,0.9281,0.9168,0.9127,0.9259;
0.9486,0.9473,0.9477,0.9509,0.9464,0.9455,0.9497,0.9478,0.9538,0.9515,0.9007,0.9226,0.9094,0.9153,0.9097,0.9173,0.9180,0.9016,0.9160,0.9106,1.0000,0.9851,0.9911,0.9901,0.9930,0.9667,0.9876,0.9859,0.9758,0.9893,0.9608,0.9653,0.9635,0.9641,0.9672,0.9605,0.9666,0.9667,0.9645,0.9590,0.9691,0.9591,0.9614,0.9600,0.9624,0.9545,0.9677;
0.9492,0.9479,0.9531,0.9510,0.9586,0.9438,0.9519,0.9515,0.9537,0.9516,0.9032,0.9206,0.9144,0.9152,0.9125,0.9135,0.9184,0.9043,0.9118,0.9112,0.9851,1.0000,0.9868,0.9870,0.9893,0.9678,0.9931,0.9871,0.9784,0.9914,0.9714,0.9641,0.9672,0.9750,0.9678,0.9670,0.9695,0.9776,0.9699,0.9644,0.9679,0.9716,0.9679,0.9583,0.9774,0.9583,0.9705;
0.9502,0.9466,0.9450,0.9496,0.9497,0.9452,0.9514,0.9449,0.9480,0.9526,0.9013,0.9200,0.9131,0.9115,0.9087,0.9102,0.9170,0.9081,0.9104,0.9099,0.9911,0.9868,1.0000,0.9875,0.9887,0.9702,0.9937,0.9833,0.9747,0.9848,0.9626,0.9627,0.9583,0.9684,0.9665,0.9556,0.9658,0.9687,0.9618,0.9607,0.9665,0.9584,0.9585,0.9577,0.9685,0.9521,0.9692;
0.9525,0.9535,0.9491,0.9524,0.9527,0.9488,0.9512,0.9517,0.9557,0.9554,0.9082,0.9241,0.9157,0.9192,0.9152,0.9169,0.9195,0.9074,0.9175,0.9168,0.9901,0.9870,0.9875,1.0000,0.9945,0.9672,0.9844,0.9914,0.9683,0.9932,0.9671,0.9668,0.9650,0.9680,0.9734,0.9661,0.9705,0.9682,0.9659,0.9648,0.9706,0.9610,0.9689,0.9614,0.9687,0.9579,0.9739;
