SimGraph=[
32.2998,31.4652,31.5349,31.7706,32.0328,31.7141,31.4610,31.6737,32.0005,32.1720,29.3809,29.9366,29.6328,29.9301,29.5778,29.9189,29.9093,29.5125,29.5850,29.6824,30.2747,30.4203,30.2905,30.5217,30.5174,30.6604,30.1687,30.3043,30.3373,30.5056,30.4930,30.2169,30.1124,30.6638,30.2128,30.0779,30.4497,30.1368,30.0889,29.8762,30.7361,30.3720,29.8573,30.4296,29.9294,29.9451,30.5649;
31.4652,32.1972,31.4573,31.8728,31.4970,31.6733,31.8920,31.5500,31.6912,31.6455,29.2696,29.8149,29.6313,29.7646,29.2073,29.7742,29.6807,29.4827,29.5239,29.6120,30.2100,30.3406,30.1597,30.5167,30.4988,30.5141,30.0891,30.1793,30.3005,30.4409,30.4346,30.1351,30.1783,30.3882,30.3754,30.2029,30.4651,30.0628,30.2008,29.9881,30.4527,30.4375,29.9824,30.0830,29.9526,30.0523,30.5804;
31.5349,31.4573,32.1574,31.3202,31.7882,31.5201,31.6908,32.0698,31.7650,31.6629,28.9782,29.9173,29.3851,29.6418,29.4190,29.5792,29.8516,29.1359,29.4523,29.3531,30.1096,30.4474,30.0100,30.3006,30.4711,30.2197,30.0882,30.0708,30.2481,30.5056,30.4337,29.9857,30.3527,30.4385,30.0932,30.3442,30.2645,30.1718,30.4968,30.1765,30.3033,30.3111,30.0747,30.2888,29.9518,30.0239,30.3211;
31.7706,31.8728,31.3202,32.4127,31.7052,31.9100,31.8750,31.4003,31.8802,31.9930,29.5522,29.8153,29.5467,29.8897,29.2964,29.8206,29.9633,29.4493,29.7462,29.4074,30.4629,30.5852,30.3968,30.6513,30.7056,30.7598,30.2750,30.4925,30.5497,30.6351,30.3977,30.5390,30.4357,30.5685,30.3370,30.2608,30.7717,30.4356,30.2784,30.0070,30.8565,30.5778,30.1740,30.1544,30.0357,30.2901,30.6945;
32.0328,31.4970,31.7882,31.7052,32.3374,31.6947,31.4416,31.8810,32.0323,32.1066,29.1736,29.9172,29.6647,29.7604,29.3705,29.6519,29.8439,29.2915,29.5197,29.5127,30.2093,30.7248,30.2712,30.5160,30.4980,30.7258,30.4733,30.2986,30.4403,30.7129,30.5960,30.1515,30.3198,30.6696,30.2447,30.3449,30.4815,30.3441,30.3423,30.1296,30.4691,30.4749,30.1243,30.2087,30.2340,29.9969,30.5968;
31.7141,31.6733,31.5201,31.9100,31.6947,32.1874,31.5508,31.4815,31.9476,31.8944,29.3703,29.8499,29.4964,29.8095,29.1743,29.7364,29.7895,29.4717,29.6199,29.4644,30.1135,30.1929,30.0772,30.3534,30.4750,30.3508,29.8827,30.0747,30.1528,30.2857,30.1253,30.0695,30.1127,30.1301,30.0662,29.9955,30.3483,29.9971,30.0741,29.8028,30.3871,30.1869,29.9087,30.2128,29.6434,30.0595,30.2711;
31.4610,31.8920,31.6908,31.8750,31.4416,31.5508,32.2455,31.6032,31.5711,31.5890,29.2637,29.8711,29.4461,29.5956,29.4800,29.7576,29.9126,29.4215,29.4061,29.3069,30.3198,30.5049,30.3403,30.5108,30.6813,30.5018,30.1457,30.4010,30.5301,30.4431,30.3712,30.3160,30.2902,30.4960,30.3034,30.2817,30.5948,30.2293,30.4343,30.1140,30.6335,30.5931,30.0122,30.2425,30.0093,30.1859,30.6514;
31.6737,31.5500,32.0698,31.4003,31.8810,31.4815,31.6032,32.2087,31.7502,31.8017,29.0067,29.8297,29.4779,29.6759,29.3986,29.6105,29.9317,29.1559,29.5325,29.4459,30.1408,30.4325,30.0301,30.3878,30.3835,30.3070,30.1810,30.0504,30.2332,30.6444,30.5265,30.0659,30.4328,30.5774,30.1860,30.3238,30.2986,30.2519,30.4092,30.1966,30.3834,30.2962,30.1032,30.2012,30.0446,29.9852,30.4139;
32.0005,31.6912,31.7650,31.8802,32.0323,31.9476,31.5711,31.7502,32.3762,32.2229,29.3485,30.1125,29.7389,30.0554,29.5000,29.8472,29.9245,29.3658,29.8146,29.7069,30.4576,30.5571,30.2686,30.6567,30.7463,30.4207,30.1980,30.4269,30.2971,30.5809,30.4407,30.2309,30.2476,30.3943,30.3800,30.3151,30.5609,30.1275,30.3191,29.9988,30.5485,30.3251,30.0456,30.4516,29.9587,29.9236,30.6175;
32.1720,31.6455,31.6629,31.9930,32.1066,31.8944,31.5890,31.8017,32.2229,32.3944,29.4017,30.0103,29.8132,29.9509,29.5042,29.7911,30.0373,29.4912,29.8074,29.6611,30.4015,30.5238,30.3940,30.6485,30.6442,30.5325,30.2723,30.4311,30.2637,30.6324,30.3949,30.3437,30.2404,30.5658,30.3342,30.1993,30.5765,30.2403,30.2169,30.0042,30.6613,30.2918,29.9787,30.3494,30.0330,29.8703,30.6918;
29.3809,29.2696,28.9782,29.5522,29.1736,29.3703,29.2637,29.0067,29.3485,29.4017,31.5664,30.9095,31.2472,31.1935,31.3107,31.0648,31.1399,31.3433,31.2530,31.1755,28.2590,28.4409,28.2444,28.6191,28.5533,28.9292,28.1307,28.4604,28.6070,28.4311,28.5865,28.9059,28.7690,28.6520,28.7300,28.6848,29.0379,28.7232,28.6633,28.5523,28.9400,28.7210,28.6791,28.8000,28.5434,28.6313,28.9607;
29.9366,29.8149,29.9173,29.8153,29.9172,29.8499,29.8711,29.8297,30.1125,30.0103,30.9095,31.9805,31.2989,31.6508,31.1554,31.6425,31.5879,31.0496,31.4613,31.3444,29.0638,29.1354,28.9708,29.2548,29.4253,29.0719,28.7763,29.0250,28.8509,29.1870,29.2316,29.4891,29.3899,29.1908,29.4777,29.4559,29.6075,29.2486,29.5341,29.3742,29.3217,29.0525,29.1864,29.6217,29.1890,28.9756,29.6641;
29.6328,29.6313,29.3851,29.5467,29.6647,29.4964,29.4461,29.4779,29.7389,29.8132,31.2472,31.2989,31.8334,31.2486,31.4095,31.0335,31.4187,31.4603,31.4720,31.5601,28.6450,28.8956,28.7147,28.9517,28.9338,28.8445,28.6441,28.7343,28.6310,28.8759,28.8983,29.1582,29.0477,28.9263,29.2449,28.9913,29.3278,29.0066,29.0702,29.0179,28.9907,28.7510,28.8518,29.0115,29.0568,28.4519,29.4431;
29.9301,29.7646,29.6418,29.8897,29.7604,29.8095,29.5956,29.6759,30.0554,29.9509,31.1935,31.6508,31.2486,31.9779,31.1623,31.5871,31.5679,31.0770,31.5356,31.4957,28.8598,28.9594,28.7198,29.1078,29.1486,29.0734,28.6492,28.8291,28.9009,29.0320,29.3061,29.4679,29.3699,29.2141,29.3685,29.2547,29.6375,29.2041,29.2586,29.1476,29.5020,29.0960,29.1679,29.5413,29.0619,29.0832,29.5603;
29.5778,29.2073,29.4190,29.2964,29.3705,29.1743,29.4800,29.3986,29.5000,29.5042,31.3107,31.1554,31.4095,31.1623,31.7515,31.0861,31.3981,31.2810,31.2217,31.3377,28.6223,28.8211,28.5756,28.9336,28.9166,28.9016,28.4619,28.8238,28.8233,28.7456,28.9177,29.0866,29.0272,28.9833,29.0541,29.0578,29.2186,28.9207,29.1041,28.9442,29.1207,28.8694,28.8694,29.1730,28.8747,28.5875,29.2752;
29.9189,29.7742,29.5792,29.8206,29.6519,29.7364,29.7576,29.6105,29.8472,29.7911,31.0648,31.6425,31.0335,31.5871,31.0861,31.8493,31.3687,31.1377,31.2420,31.2807,28.8445,28.8701,28.6327,28.9839,29.0872,29.2271,28.5110,28.7541,29.0117,28.9678,29.1679,29.2699,29.1707,29.1731,29.2124,29.1850,29.3422,29.0294,29.1960,29.0361,29.3040,29.2134,28.9156,29.4853,28.9237,29.0637,29.3988;
29.9093,29.6807,29.8516,29.9633,29.8439,29.7895,29.9126,29.9317,29.9245,30.0373,31.1399,31.5879,31.4187,31.5679,31.3981,31.3687,32.0650,31.0967,31.4244,31.1454,29.0254,29.1644,28.9760,29.2137,29.2681,28.9801,28.8542,29.0550,28.9651,29.1976,29.1895,29.7534,29.6129,29.3147,29.4463,29.3701,29.8258,29.5064,29.4556,29.3446,29.5860,29.0923,29.2833,29.4040,29.2669,29.0011,29.7486;
29.5125,29.4827,29.1359,29.4493,29.2915,29.4717,29.4215,29.1559,29.3658,29.4912,31.3433,31.0496,31.4603,31.0770,31.2810,31.1377,31.0967,31.6372,31.1500,31.3885,28.3231,28.5225,28.4655,28.6217,28.6846,28.9406,28.2709,28.4043,28.6840,28.5540,28.7268,28.8362,28.7258,28.8059,28.8717,28.6612,28.9546,28.6846,28.8210,28.7687,28.8704,28.8040,28.5218,28.9639,28.6837,28.6288,29.0699;
29.5850,29.5239,29.4523,29.7462,29.5197,29.6199,29.4061,29.5325,29.8146,29.8074,31.2530,31.4613,31.4720,31.5356,31.2217,31.2420,31.4244,31.1500,31.8563,31.5175,28.7975,28.7998,28.6114,28.9858,29.0402,28.7498,28.4896,28.7071,28.5398,28.9697,28.8638,29.3244,29.3076,28.8690,29.2089,29.0515,29.3968,29.1418,29.1502,29.0392,29.1570,28.6537,29.0458,29.1502,28.9023,28.6921,29.3196;
29.6824,29.6120,29.3531,29.4074,29.5127,29.4644,29.3069,29.4459,29.7069,29.6611,31.1755,31.3444,31.5601,31.4957,31.3377,31.2807,31.1454,31.3885,31.5175,31.8072,28.6258,28.7564,28.5754,28.9325,28.9145,28.9069,28.5048,28.5951,28.6933,28.8567,29.0807,29.0189,29.0285,28.9886,29.2257,28.9720,29.1885,28.8673,29.0510,28.9987,29.0531,28.8134,28.8326,29.2586,28.9176,28.6342,29.3038;
30.2747,30.2100,30.1096,30.4629,30.2093,30.1135,30.3198,30.1408,30.4576,30.4015,28.2590,29.0638,28.6450,28.8598,28.6223,28.8445,29.0254,28.3231,28.7975,28.6258,32.4227,32.0005,32.1559,32.1694,32.2727,31.1111,32.0341,31.9396,31.4843,32.1532,31.0492,31.0731,31.0732,31.2046,31.2235,30.8839,31.3058,31.2501,31.0985,30.7782,31.3906,30.9609,30.9267,30.7776,30.9841,30.6152,31.3624;
30.4203,30.3406,30.4474,30.5852,30.7248,30.1929,30.5049,30.4325,30.5571,30.5238,28.4409,29.1354,28.8956,28.9594,28.8211,28.8701,29.1644,28.5225,28.7998,28.7564,32.0005,32.5893,32.0280,32.1995,32.2892,31.1964,32.2302,32.0897,31.6005,32.3965,31.5181,31.1636,31.3649,31.6962,31.3467,31.2423,31.4936,31.7417,31.4363,31.1160,31.4812,31.4769,31.2851,30.8496,31.5729,30.9044,31.5502;
30.2905,30.1597,30.0100,30.3968,30.2712,30.0772,30.3403,30.0301,30.2686,30.3940,28.2444,28.9708,28.7147,28.7198,28.5756,28.6327,28.9760,28.4655,28.6114,28.5754,32.1559,32.0280,32.3638,32.0617,32.1246,31.1786,32.1693,31.8443,31.4321,31.9940,31.0644,30.9752,30.9038,31.2937,31.1658,30.7241,31.2539,31.2806,30.9990,30.7863,31.2927,30.9156,30.8158,30.6850,31.1192,30.5160,31.3692;
30.5217,30.5167,30.3006,30.6513,30.5160,30.3534,30.5108,30.3878,30.6567,30.6485,28.6191,29.2548,28.9517,29.1078,28.9336,28.9839,29.2137,28.6217,28.9858,28.9325,32.1694,32.1995,32.0617,32.5882,32.4637,31.1372,31.9480,32.2508,31.2906,32.4002,31.3559,31.2614,31.2615,31.4516,31.5302,31.1951,31.5538,31.4384,31.2895,31.0768,31.5790,31.1600,31.2868,30.9686,31.2908,30.8551,31.6691;
30.5174,30.4988,30.4711,30.7056,30.4980,30.4750,30.6813,30.3835,30.7463,30.6442,28.5533,29.4253,28.9338,29.1486,28.9166,29.0872,29.2681,28.6846,29.0402,28.9145,32.2727,32.2892,32.1246,32.4637,32.6342,31.0127,31.9301,32.2339,31.3803,32.3959,31.3380,31.3158,31.3159,31.4473,31.5122,31.1782,31.5946,31.4928,31.4600,31.1397,31.6333,31.2497,31.2210,31.1391,31.2728,30.9766,31.6512;
30.6604,30.5141,30.2197,30.7598,30.7258,30.3508,30.5018,30.3070,30.4207,30.5325,28.9292,29.0719,28.8445,29.0734,28.9016,29.2271,28.9801,28.9406,28.7498,28.9069,31.1111,31.1964,31.1786,31.1372,31.0127,32.1659,31.3376,30.9198,31.7307,31.2220,30.8523,30.3484,30.7243,31.0680,30.6117,30.5493,30.6408,30.8532,30.7523,30.5396,30.8675,31.0603,30.6410,30.2517,30.7055,30.5209,30.7561;
30.1687,30.0891,30.0882,30.2750,30.4733,29.8827,30.1457,30.1810,30.1980,30.2723,28.1307,28.7763,28.6441,28.6492,28.4619,28.5110,28.8542,28.2709,28.4896,28.5048,32.0341,32.2302,32.1693,31.9480,31.9301,31.3376,32.3715,31.7306,31.6342,32.1449,31.2665,30.8534,31.0547,31.4447,31.0952,30.8832,31.1834,31.4315,31.0772,30.8645,31.1709,31.1177,30.9748,30.4905,31.3214,30.5942,31.2987;
30.3043,30.1793,30.0708,30.4925,30.2986,30.0747,30.4010,30.0504,30.4269,30.4311,28.4604,29.0250,28.7343,28.8291,28.8238,28.7541,29.0550,28.4043,28.7071,28.5951,31.9396,32.0897,31.8443,32.2508,32.2339,30.9198,31.7306,32.5334,31.1808,32.0628,31.4109,31.4951,31.3752,31.6266,31.5852,31.3577,31.7875,31.6721,31.4521,31.1318,31.8126,31.4426,31.4005,31.1312,31.4657,30.9688,31.8441;
30.3373,30.3005,30.2481,30.5497,30.4403,30.1528,30.5301,30.2332,30.2971,30.2637,28.6070,28.8509,28.6310,28.9009,28.8233,29.0117,28.9651,28.6840,28.5398,28.6933,31.4843,31.6005,31.4321,31.2906,31.3803,31.7307,31.6342,31.1808,32.2201,31.4875,30.7309,30.2547,30.7093,30.9090,30.5010,30.3966,30.5847,30.7529,30.7807,30.4604,30.7738,31.0573,30.4394,30.2055,30.5841,30.4216,30.6412;
30.5056,30.4409,30.5056,30.6351,30.7129,30.2857,30.4431,30.6444,30.5809,30.6324,28.4311,29.1870,28.8759,29.0320,28.7456,28.9678,29.1976,28.5540,28.9697,28.8567,32.1532,32.3965,31.9940,32.4002,32.3959,31.2220,32.1449,32.0628,31.4875,32.6568,31.5528,31.2453,31.5181,31.7082,31.4544,31.2799,31.4780,31.6950,31.4945,31.2818,31.5628,31.3569,31.3716,30.9009,31.4877,31.0601,31.5933;
30.4930,30.4346,30.4337,30.3977,30.5960,30.1253,30.3712,30.5265,30.4407,30.3949,28.5865,29.2316,28.8983,29.3061,28.9177,29.1679,29.1895,28.7268,28.8638,29.0807,31.0492,31.5181,31.0644,31.3559,31.3380,30.8523,31.2665,31.4109,30.7309,31.5528,32.5985,31.6078,31.8728,32.4007,31.9133,32.0136,31.9378,31.8736,31.8953,31.6826,32.1269,32.0737,31.7930,31.8225,31.7635,31.9262,32.0530;
30.2169,30.1351,29.9857,30.5390,30.1515,30.0695,30.3160,30.0659,30.2309,30.3437,28.9059,29.4891,29.1582,29.4679,29.0866,29.2699,29.7534,28.8362,29.3244,29.0189,31.0731,31.1636,30.9752,31.2614,31.3158,30.3484,30.8534,31.4951,30.2547,31.2453,31.6078,32.4892,31.7778,31.8832,31.7944,31.7181,32.4427,32.0748,31.6205,31.6283,32.2029,31.5905,31.6313,31.2872,31.9542,31.5867,32.3656;
30.1124,30.1783,30.3527,30.4357,30.3198,30.1127,30.2902,30.4328,30.2476,30.2404,28.7690,29.3899,29.0477,29.3699,29.0272,29.1707,29.6129,28.7258,29.3076,29.0285,31.0732,31.3649,30.9038,31.2615,31.3159,30.7243,31.0547,31.3752,30.7093,31.5181,31.8728,31.7778,32.6084,31.7722,32.1692,32.0534,32.0106,32.2761,32.4511,32.1797,31.7708,31.5498,32.2789,31.3498,31.8763,31.5240,31.9334;
30.6638,30.3882,30.4385,30.5685,30.6696,30.1301,30.4960,30.5774,30.3943,30.5658,28.6520,29.1908,28.9263,29.2141,28.9833,29.1731,29.3147,28.8059,28.8690,28.9886,31.2046,31.6962,31.2937,31.4516,31.4473,31.0680,31.4447,31.6266,30.9090,31.7082,32.4007,31.8832,31.7722,32.6761,31.7155,31.8533,32.1159,32.1490,31.7487,31.5360,32.4023,32.2519,31.6327,31.6758,31.9417,31.7795,32.2312;
30.2128,30.3754,30.0932,30.3370,30.2447,30.0662,30.3034,30.1860,30.3800,30.3342,28.7300,29.4777,29.2449,29.3685,29.0541,29.2124,29.4463,28.8717,29.2089,29.2257,31.2235,31.3467,31.1658,31.5302,31.5122,30.6117,31.0952,31.5852,30.5010,31.4544,31.9133,31.7944,32.1692,31.7155,32.5785,32.0938,32.1244,32.0269,32.1917,31.9790,31.7873,31.6278,32.1855,31.6493,31.9168,31.3139,32.2397;
30.0779,30.2029,30.3442,30.2608,30.3449,29.9955,30.2817,30.3238,30.3151,30.1993,28.6848,29.4559,28.9913,29.2547,29.0578,29.1850,29.3701,28.6612,29.0515,28.9720,30.8839,31.2423,30.7241,31.1951,31.1782,30.5493,30.8832,31.3577,30.3966,31.2799,32.0136,31.7181,32.0534,31.8533,32.0938,32.4513,32.0106,31.9111,32.1304,31.8101,31.7111,31.8356,32.1819,31.6275,31.7047,31.5159,32.0672;
30.4497,30.4651,30.2645,30.7717,30.4815,30.3483,30.5948,30.2986,30.5609,30.5765,29.0379,29.6075,29.3278,29.6375,29.2186,29.3422,29.8258,28.9546,29.3968,29.1885,31.3058,31.4936,31.2539,31.5538,31.5946,30.6408,31.1834,31.7875,30.5847,31.4780,31.9378,32.4427,32.0106,32.1159,32.1244,32.0106,32.7727,32.3075,31.8993,31.6279,32.4357,31.9205,31.9238,31.5660,32.0050,31.5862,32.6956;
30.1368,30.0628,30.1718,30.4356,30.3441,29.9971,30.2293,30.2519,30.1275,30.2403,28.7232,29.2486,29.0066,29.2041,28.9207,29.0294,29.5064,28.6846,29.1418,28.8673,31.2501,31.7417,31.2806,31.4384,31.4928,30.8532,31.4315,31.6721,30.7529,31.6950,31.8736,32.0748,32.2761,32.1490,32.0269,31.9111,32.3075,32.6529,32.1188,31.8474,32.0678,31.7835,32.1366,31.2075,32.2531,31.4450,32.2304;
30.0889,30.2008,30.4968,30.2784,30.3423,30.0741,30.4343,30.4092,30.3191,30.2169,28.6633,29.5341,29.0702,29.2586,29.1041,29.1960,29.4556,28.8210,29.1502,29.0510,31.0985,31.4363,30.9990,31.2895,31.4600,30.7523,31.0772,31.4521,30.7807,31.4945,31.8953,31.6205,32.4511,31.7487,32.1917,32.1304,31.8993,32.1188,32.5953,32.2750,31.6135,31.6212,32.1731,31.4939,31.8988,31.4855,31.9559;
29.8762,29.9881,30.1765,30.0070,30.1296,29.8028,30.1140,30.1966,29.9988,30.0042,28.5523,29.3742,29.0179,29.1476,28.9442,29.0361,29.3446,28.7687,29.0392,28.9987,30.7782,31.1160,30.7863,31.0768,31.1397,30.5396,30.8645,31.1318,30.4604,31.2818,31.6826,31.6283,32.1797,31.5360,31.9790,31.8101,31.6279,31.8474,32.2750,32.3415,31.3421,31.3009,31.9018,31.1736,31.9653,31.4933,31.7432;
30.7361,30.4527,30.3033,30.8565,30.4691,30.3871,30.6335,30.3834,30.5485,30.6613,28.9400,29.3217,28.9907,29.5020,29.1207,29.3040,29.5860,28.8704,29.1570,29.0531,31.3906,31.4812,31.2927,31.5790,31.6333,30.8675,31.1709,31.8126,30.7738,31.5628,32.1269,32.2029,31.7708,32.4023,31.7873,31.7111,32.4357,32.0678,31.6135,31.3421,32.7221,32.1097,31.6243,31.8064,31.6679,31.8266,32.3585;
30.3720,30.4375,30.3111,30.5778,30.4749,30.1869,30.5931,30.2962,30.3251,30.2918,28.7210,29.0525,28.7510,29.0960,28.8694,29.2134,29.0923,28.8040,28.6537,28.8134,30.9609,31.4769,30.9156,31.1600,31.2497,31.0603,31.1177,31.4426,31.0573,31.3569,32.0737,31.5905,31.5498,32.2519,31.6278,31.8356,31.9205,31.7835,31.6212,31.3009,32.1097,32.4963,31.5661,31.6445,31.6147,31.7575,31.9771;
29.8573,29.9824,30.0747,30.1740,30.1243,29.9087,30.0122,30.1032,30.0456,29.9787,28.6791,29.1864,28.8518,29.1679,28.8694,28.9156,29.2833,28.5218,29.0458,28.8326,30.9267,31.2851,30.8158,31.2868,31.2210,30.6410,30.9748,31.4005,30.4394,31.3716,31.7930,31.6313,32.2789,31.6327,32.1855,32.1819,31.9238,32.1366,32.1731,31.9018,31.6243,31.5661,32.4073,31.3580,31.7964,31.4291,31.8466;
30.4296,30.0830,30.2888,30.1544,30.2087,30.2128,30.2425,30.2012,30.4516,30.3494,28.8000,29.6217,29.0115,29.5413,29.1730,29.4853,29.4040,28.9639,29.1502,29.2586,30.7776,30.8496,30.6850,30.9686,31.1391,30.2517,30.4905,31.1312,30.2055,30.9009,31.8225,31.2872,31.3498,31.6758,31.6493,31.6275,31.5660,31.2075,31.4939,31.1736,31.8064,31.6445,31.3580,32.3195,30.9875,31.4057,31.6226;
29.9294,29.9526,29.9518,30.0357,30.2340,29.6434,30.0093,30.0446,29.9587,30.0330,28.5434,29.1890,29.0568,29.0619,28.8747,28.9237,29.2669,28.6837,28.9023,28.9176,30.9841,31.5729,31.1192,31.2908,31.2728,30.7055,31.3214,31.4657,30.5841,31.4877,31.7635,31.9542,31.8763,31.9417,31.9168,31.7047,32.0050,32.2531,31.8988,31.9653,31.6679,31.6147,31.7964,30.9875,32.4222,31.3704,32.1202;
29.9451,30.0523,30.0239,30.2901,29.9969,30.0595,30.1859,29.9852,29.9236,29.8703,28.6313,28.9756,28.4519,29.0832,28.5875,29.0637,29.0011,28.6288,28.6921,28.6342,30.6152,30.9044,30.5160,30.8551,30.9766,30.5209,30.5942,30.9688,30.4216,31.0601,31.9262,31.5867,31.5240,31.7795,31.3139,31.5159,31.5862,31.4450,31.4855,31.4933,31.8266,31.7575,31.4291,31.4057,31.3704,32.2024,31.5091;
30.5649,30.5804,30.3211,30.6945,30.5968,30.2711,30.6514,30.4139,30.6175,30.6918,28.9607,29.6641,29.4431,29.5603,29.2752,29.3988,29.7486,29.0699,29.3196,29.3038,31.3624,31.5502,31.3692,31.6691,31.6512,30.7561,31.2987,31.8441,30.6412,31.5933,32.0530,32.3656,31.9334,32.2312,32.2397,32.0672,32.6956,32.2304,31.9559,31.7432,32.3585,31.9771,31.8466,31.6226,32.1202,31.5091,32.8108;
];
