SimGraph=[
35.0000,34.0895,34.2020,34.3294,34.6869,34.3847,34.0635,34.3308,34.6089,34.7894,32.0477,32.4811,32.1741,32.4550,32.1605,32.5371,32.3731,32.1479,32.1311,32.2535,32.6546,32.7106,32.6862,32.8330,32.8050,33.2477,32.5515,32.6246,32.8423,32.7857,32.7707,32.5635,32.3764,32.9330,32.4657,32.3835,32.6566,32.3674,32.3558,32.2675,32.9977,32.6994,32.1638,32.8038,32.2719,32.4031,32.7648;
34.0895,35.0000,34.1720,34.4907,34.1063,34.4036,34.6068,34.2480,34.3075,34.2472,31.9888,32.3717,32.2639,32.3332,31.8110,32.4004,32.1733,32.2054,32.1179,32.2650,32.6199,32.6643,32.5821,32.8679,32.8231,33.1104,32.5052,32.5293,32.8492,32.7510,32.7394,32.5025,32.4813,32.6608,32.6780,32.5548,32.7062,32.3144,32.5135,32.4251,32.7175,32.8070,32.3350,32.4790,32.3296,32.5506,32.8145;
34.2020,34.1720,35.0000,33.8913,34.4572,34.2408,34.4350,34.8712,34.4100,34.2874,31.6462,32.4902,31.9513,32.1807,32.0560,32.1894,32.3759,31.7906,32.0233,31.9417,32.5523,32.8264,32.4703,32.6663,32.8402,32.8018,32.5472,32.4478,32.8311,32.8596,32.7813,32.3787,32.7096,32.7606,32.4202,32.7575,32.5245,32.4781,32.8828,32.6743,32.5937,32.7209,32.4816,32.7439,32.3715,32.5631,32.5689;
34.3294,34.4907,33.8913,35.0000,34.2355,34.5436,34.4564,33.9562,34.4234,34.5400,32.2285,32.2925,32.0599,32.4017,31.8187,32.3740,32.4032,32.0592,32.2970,31.9307,32.8033,32.8299,32.7416,32.9178,32.9538,33.2806,32.6069,32.7733,33.0159,32.8705,32.6069,32.8648,32.6770,32.7692,32.5446,32.5264,32.9579,32.6392,32.5039,32.3516,33.0798,32.8678,32.4592,32.4674,32.3273,32.7299,32.8496;
34.6869,34.1063,34.4572,34.2355,35.0000,34.3436,34.0224,34.5332,34.6257,34.6955,31.8042,32.4400,32.1909,32.2526,31.9170,32.2240,32.2793,31.8875,32.0372,32.0510,32.5607,33.0237,32.6451,32.8087,32.7639,33.3006,32.8646,32.6003,32.9361,32.9881,32.8646,32.4696,32.5789,32.9162,32.4825,32.6556,32.6734,32.5698,32.6111,32.5227,32.6846,32.7933,32.4359,32.5434,32.5850,32.4391,32.7816;
34.3847,34.4036,34.2408,34.5436,34.3436,35.0000,34.2169,34.1682,34.6088,34.5424,32.0985,32.4167,32.1131,32.3882,31.7681,32.3607,32.2968,32.1972,32.2308,32.1035,32.5203,32.5069,32.5033,32.6906,32.8083,32.9330,32.2838,32.4158,32.6917,32.5875,32.4141,32.4516,32.4303,32.3933,32.3527,32.3374,32.5974,32.2634,32.3947,32.2424,32.6665,32.5456,32.2702,32.6201,32.0042,32.5844,32.4892;
34.0635,34.6068,34.4350,34.4564,34.0224,34.2169,35.0000,34.3062,34.1413,34.1489,31.9406,32.4203,32.0010,32.1108,32.1056,32.3643,32.4255,32.0850,31.9533,31.8718,32.7423,32.8503,32.7906,32.8563,33.0302,33.0705,32.5711,32.7680,33.0998,32.7532,32.6750,32.6989,32.6033,32.7845,32.6102,32.6512,32.8448,32.5020,32.7765,32.5680,32.9139,32.9896,32.3752,32.6740,32.3954,32.7016,32.8891;
34.3308,34.2480,34.8712,33.9562,34.5332,34.1682,34.3062,35.0000,34.3659,34.4162,31.6553,32.3614,32.0274,32.1928,32.0089,32.1981,32.4408,31.7819,32.0882,32.0177,32.5610,32.7824,32.4616,32.7394,32.7114,32.8748,32.6232,32.4007,32.7870,32.9884,32.8574,32.4436,32.7745,32.8894,32.4963,32.7104,32.5367,32.5430,32.7540,32.6656,32.6586,32.6769,32.4907,32.6151,32.4476,32.4905,32.6449;
34.6089,34.3075,34.4100,34.4234,34.6257,34.6088,34.1413,34.3659,35.0000,34.8195,31.9921,32.6124,32.2619,32.5707,32.0359,32.3964,32.3420,31.9586,32.3554,32.2522,32.8105,32.8176,32.6152,32.9384,33.0137,32.9262,32.5383,32.7199,32.7587,32.8215,32.6686,32.5330,32.4755,32.5899,32.6063,32.6032,32.7367,32.3075,32.5639,32.3554,32.7480,32.6107,32.3273,32.7874,32.2587,32.3363,32.7811;
34.7894,34.2472,34.2874,34.5400,34.6955,34.5424,34.1489,34.4162,34.8195,35.0000,32.0391,32.4898,32.3317,32.4464,32.0267,32.3265,32.4586,32.0863,32.3417,32.1919,32.7407,32.7673,32.7429,32.9191,32.8911,33.0371,32.6082,32.7106,32.7085,32.8718,32.6082,32.6496,32.4618,32.7704,32.5459,32.4638,32.7427,32.4241,32.4413,32.3529,32.8646,32.5604,32.2440,32.6647,32.3286,32.2699,32.8509;
32.0477,31.9888,31.6462,32.2285,31.8042,32.0985,31.9406,31.6553,31.9921,32.0391,35.0000,33.9788,34.4800,34.3210,34.5902,34.2238,34.2145,34.6848,34.4667,34.3893,30.7581,30.8543,30.7522,31.0743,30.9643,31.6564,30.6313,30.9298,31.2595,30.8253,31.0165,31.4116,31.2229,31.0589,31.1601,31.2013,31.4504,31.1348,31.1055,31.0773,31.3695,31.2272,31.2068,31.3851,31.0164,31.2497,31.3421;
32.4811,32.3717,32.4902,32.2925,32.4400,32.4167,32.4203,32.3614,32.6124,32.4898,33.9788,35.0000,34.2574,34.6137,34.1477,34.6992,34.4676,34.0967,34.4563,34.3482,31.4577,31.4363,31.3765,31.5718,31.7457,31.6370,31.1570,31.3532,31.3487,31.4687,31.5260,31.8449,31.7144,31.4549,31.7926,31.8335,31.8668,31.5248,31.8875,31.8031,31.5835,31.3942,31.5576,32.1155,31.5422,31.4309,31.9111;
32.1741,32.2639,31.9513,32.0599,32.1909,32.1131,32.0010,32.0274,32.2619,32.3317,34.4800,34.2574,35.0000,34.2190,34.5470,34.0414,34.3701,34.6967,34.5429,34.6900,31.0300,31.2046,31.1224,31.2780,31.2332,31.4058,31.0455,31.0695,31.1447,31.1611,31.2115,31.5309,31.3785,31.2128,31.5752,31.3793,31.6107,31.2915,31.4107,31.4463,31.2695,31.1142,31.2322,31.4729,31.4306,30.9020,31.7189;
32.4550,32.3332,32.1807,32.4017,32.2526,32.3882,32.1108,32.1928,32.5707,32.4464,34.3210,34.6137,34.2190,35.0000,34.1561,34.6169,34.4516,34.1349,34.5654,34.5290,31.2336,31.2407,31.0945,31.4177,31.4368,31.6248,31.0176,31.1430,31.4011,31.3008,31.6058,31.8296,31.6984,31.4768,31.6767,31.6174,31.9093,31.4801,31.5781,31.5498,31.7874,31.4414,31.5502,32.0200,31.4027,31.5501,31.8011;
32.1605,31.8110,32.0560,31.8187,31.9170,31.7681,32.1056,32.0089,32.0359,32.0267,34.5902,34.1477,34.5470,34.1561,35.0000,34.1479,34.4156,34.5070,34.3018,34.4562,31.0757,31.2006,31.0423,31.3357,31.2819,31.5243,30.9214,31.2474,31.4245,31.0867,31.3066,31.5205,31.4239,31.3490,31.4477,31.5451,31.5592,31.2723,31.5153,31.4308,31.4784,31.3261,31.3418,31.7288,31.3065,31.1138,31.6035;
32.5371,32.4004,32.1894,32.3740,32.2240,32.3607,32.3643,32.1981,32.3964,32.3265,34.2238,34.6992,34.0414,34.6169,34.1479,35.0000,34.3044,34.2600,34.2930,34.3514,31.2945,31.2203,31.0757,31.3527,31.4449,31.8821,30.9410,31.1342,31.5967,31.3054,31.5292,31.6817,31.5511,31.5109,31.5765,31.6145,31.6508,31.3616,31.5868,31.5023,31.6395,31.6422,31.3385,32.0339,31.3261,31.5942,31.6951;
32.3731,32.1733,32.3759,32.4032,32.2793,32.2968,32.4255,32.4408,32.3420,32.4586,34.2145,34.4676,34.3701,34.4516,34.4156,34.3044,35.0000,34.1246,34.3470,34.0601,31.3788,31.4340,31.3457,31.4933,31.5292,31.4626,31.2110,31.3487,31.4387,31.4459,31.4497,32.1050,31.9357,31.5616,31.7373,31.7191,32.0741,31.7841,31.7626,31.7343,31.8436,31.4130,31.6519,31.8295,31.5961,31.4232,31.9658;
32.1479,32.2054,31.7906,32.0592,31.8875,32.1972,32.0850,31.7819,31.9586,32.0863,34.6848,34.0967,34.6967,34.1349,34.5070,34.2600,34.1246,35.0000,34.2974,34.6059,30.7845,30.9013,30.9616,31.0187,31.0725,31.6106,30.7422,30.8103,31.3054,30.9156,31.1274,31.2855,31.1330,31.1866,31.2719,31.1200,31.3074,31.0460,31.2500,31.2856,31.2433,31.2750,30.9729,31.5314,31.1273,31.2053,31.4156;
32.1311,32.1179,32.0233,32.2970,32.0372,32.2308,31.9533,32.0882,32.3554,32.3417,34.4667,34.4563,34.5429,34.5654,34.3018,34.2930,34.3470,34.2974,35.0000,34.6337,31.2016,31.0980,31.0097,31.3161,31.3521,31.3039,30.8750,31.0414,31.0392,31.2688,31.1712,31.7249,31.6664,31.1529,31.5340,31.4431,31.6940,31.4481,31.4933,31.4650,31.4635,31.0068,31.4486,31.6433,31.2601,31.1734,31.5858;
32.2535,32.2650,31.9417,31.9307,32.0510,32.1035,31.8718,32.0177,32.2522,32.1919,34.3893,34.3482,34.6900,34.5290,34.4562,34.3514,34.0601,34.6059,34.6337,35.0000,31.0310,31.0754,30.9932,31.2790,31.2342,31.4959,30.9163,30.9404,31.2347,31.1621,31.4318,31.4018,31.3795,31.3029,31.5762,31.3803,31.4815,31.1623,31.4117,31.4473,31.3596,31.2043,31.2332,31.7829,31.3014,31.1222,31.5897;
32.6546,32.6199,32.5523,32.8033,32.5607,32.5203,32.7423,32.5610,32.8105,32.7407,30.7581,31.4577,31.0300,31.2336,31.0757,31.2945,31.3788,30.7845,31.2016,31.0310,35.0000,34.4336,34.7275,34.6199,34.7121,33.6640,34.5928,34.4014,34.0691,34.5726,33.3720,33.4768,33.3839,33.5093,33.5655,33.2603,33.5698,33.5700,33.4196,33.2111,33.6917,33.3320,33.3275,33.2014,33.4106,33.1221,33.6141;
