SimGraph=[
32.2998,31.4652,31.5349,31.7706,32.0328,31.7141,31.4610,31.6737,32.0005,32.1720,29.3809,29.9366,29.6328,29.9301,29.5778,29.9189,29.9093,29.5125,29.5850,29.6824,30.2747,30.4203,30.2905,30.5217,30.5174,30.6604,30.1687,30.3043,30.3373,30.5056,30.4930,30.2169,30.1124,30.6638,30.2128,30.0779,30.4497,30.1368,30.0889,29.8762,30.7361,30.3720,29.8573,30.4296,29.9294,29.9451,30.5649;
31.4652,32.1972,31.4573,31.8728,31.4970,31.6733,31.8920,31.5500,31.6912,31.6455,29.2696,29.8149,29.6313,29.7646,29.2073,29.7742,29.6807,29.4827,29.5239,29.6120,30.2100,30.3406,30.1597,30.5167,30.4988,30.5141,30.0891,30.1793,30.3005,30.4409,30.4346,30.1351,30.1783,30.3882,30.3754,30.2029,30.4651,30.0628,30.2008,29.9881,30.4527,30.4375,29.9824,30.0830,29.9526,30.0523,30.5804;
31.5349,31.4573,32.1574,31.3202,31.7882,31.5201,31.6908,32.0698,31.7650,31.6629,28.9782,29.9173,29.3851,29.6418,29.4190,29.5792,29.8516,29.1359,29.4523,29.3531,30.1096,30.4474,30.0100,30.3006,30.4711,30.2197,30.0882,30.0708,30.2481,30.5056,30.4337,29.9857,30.3527,30.4385,30.0932,30.3442,30.2645,30.1718,30.4968,30.1765,30.3033,30.3111,30.0747,30.2888,29.9518,30.0239,30.3211;
31.7706,31.8728,31.3202,32.4127,31.7052,31.9100,31.8750,31.4003,31.8802,31.9930,29.5522,29.8153,29.5467,29.8897,29.2964,29.8206,29.9633,29.4493,29.7462,29.4074,30.4629,30.5852,30.3968,30.6513,30.7056,30.7598,30.2750,30.4925,30.5497,30.6351,30.3977,30.5390,30.4357,30.5685,30.3370,30.2608,30.7717,30.4356,30.2784,30.0070,30.8565,30.5778,30.1740,30.1544,30.0357,30.2901,30.6945;
32.0328,31.4970,31.7882,31.7052,32.3374,31.6947,31.4416,31.8810,32.0323,32.1066,29.1736,29.9172,29.6647,29.7604,29.3705,29.6519,29.8439,29.2915,29.5197,29.5127,30.2093,30.7248,30.2712,30.5160,30.4980,30.7258,30.4733,30.2986,30.4403,30.7129,30.5960,30.1515,30.3198,30.6696,30.2447,30.3449,30.4815,30.3441,30.3423,30.1296,30.4691,30.4749,30.1243,30.2087,30.2340,29.9969,30.5968;
31.7141,31.6733,31.5201,31.9100,31.6947,32.1874,31.5508,31.4815,31.9476,31.8944,29.3703,29.8499,29.4964,29.8095,29.1743,29.7364,29.7895,29.4717,29.6199,29.4644,30.1135,30.1929,30.0772,30.3534,30.4750,30.3508,29.8827,30.0747,30.1528,30.2857,30.1253,30.0695,30.1127,30.1301,30.0662,29.9955,30.3483,29.9971,30.0741,29.8028,30.3871,30.1869,29.9087,30.2128,29.6434,30.0595,30.2711;
31.4610,31.8920,31.6908,31.8750,31.4416,31.5508,32.2455,31.6032,31.5711,31.5890,29.2637,29.8711,29.4461,29.5956,29.4800,29.7576,29.9126,29.4215,29.4061,29.3069,30.3198,30.5049,30.3403,30.5108,30.6813,30.5018,30.1457,30.4010,30.5301,30.4431,30.3712,30.3160,30.2902,30.4960,30.3034,30.2817,30.5948,30.2293,30.4343,30.1140,30.6335,30.5931,30.0122,30.2425,30.0093,30.1859,30.6514;
31.6737,31.5500,32.0698,31.4003,31.8810,31.4815,31.6032,32.2087,31.7502,31.8017,29.0067,29.8297,29.4779,29.6759,29.3986,29.6105,29.9317,29.1559,29.5325,29.4459,30.1408,30.4325,30.0301,30.3878,30.3835,30.3070,30.1810,30.0504,30.2332,30.6444,30.5265,30.0659,30.4328,30.5774,30.1860,30.3238,30.2986,30.2519,30.4092,30.1966,30.3834,30.2962,30.1032,30.2012,30.0446,29.9852,30.4139;
32.0005,31.6912,31.7650,31.8802,32.0323,31.9476,31.5711,31.7502,32.3762,32.2229,29.3485,30.1125,29.7389,30.0554,29.5000,29.8472,29.9245,29.3658,29.8146,29.7069,30.4576,30.5571,30.2686,30.6567,30.7463,30.4207,30.1980,30.4269,30.2971,30.5809,30.4407,30.2309,30.2476,30.3943,30.3800,30.3151,30.5609,30.1275,30.3191,29.9988,30.5485,30.3251,30.0456,30.4516,29.9587,29.9236,30.6175;
32.1720,31.6455,31.6629,31.9930,32.1066,31.8944,31.5890,31.8017,32.2229,32.3944,29.4017,30.0103,29.8132,29.9509,29.5042,29.7911,30.0373,29.4912,29.8074,29.6611,30.4015,30.5238,30.3940,30.6485,30.6442,30.5325,30.2723,30.4311,30.2637,30.6324,30.3949,30.3437,30.2404,30.5658,30.3342,30.1993,30.5765,30.2403,30.2169,30.0042,30.6613,30.2918,29.9787,30.3494,30.0330,29.8703,30.6918;
29.3809,29.2696,28.9782,29.5522,29.1736,29.3703,29.2637,29.0067,29.3485,29.4017,31.5664,30.9095,31.2472,31.1935,31.3107,31.0648,31.1399,31.3433,31.2530,31.1755,28.2590,28.4409,28.2444,28.6191,28.5533,28.9292,28.1307,28.4604,28.6070,28.4311,28.5865,28.9059,28.7690,28.6520,28.7300,28.6848,29.0379,28.7232,28.6633,28.5523,28.9400,28.7210,28.6791,28.8000,28.5434,28.6313,28.9607;
29.9366,29.8149,29.9173,29.8153,29.9172,29.8499,29.8711,29.8297,30.1125,30.0103,30.9095,31.9805,31.2989,31.6508,31.1554,31.6425,31.5879,31.0496,31.4613,31.3444,29.0638,29.1354,28.9708,29.2548,29.4253,29.0719,28.7763,29.0250,28.8509,29.1870,29.2316,29.4891,29.3899,29.1908,29.4777,29.4559,29.6075,29.2486,29.5341,29.3742,29.3217,29.0525,29.1864,29.6217,29.1890,28.9756,29.6641;
29.6328,29.6313,29.3851,29.5467,29.6647,29.4964,29.4461,29.4779,29.7389,29.8132,31.2472,31.2989,31.8334,31.2486,31.4095,31.0335,31.4187,31.4603,31.4720,31.5601,28.6450,28.8956,28.7147,28.9517,28.9338,28.8445,28.6441,28.7343,28.6310,28.8759,28.8983,29.1582,29.0477,28.9263,29.2449,28.9913,29.3278,29.0066,29.0702,29.0179,28.9907,28.7510,28.8518,29.0115,29.0568,28.4519,29.4431;
29.9301,29.7646,29.6418,29.8897,29.7604,29.8095,29.5956,29.6759,30.0554,29.9509,31.1935,31.6508,31.2486,31.9779,31.1623,31.5871,31.5679,31.0770,31.5356,31.4957,28.8598,28.9594,28.7198,29.1078,29.1486,29.0734,28.6492,28.8291,28.9009,29.0320,29.3061,29.4679,29.3699,29.2141,29.3685,29.2547,29.6375,29.2041,29.2586,29.1476,29.5020,29.0960,29.1679,29.5413,29.0619,29.0832,29.5603;
29.5778,29.2073,29.4190,29.2964,29.3705,29.1743,29.4800,29.3986,29.5000,29.5042,31.3107,31.1554,31.4095,31.1623,31.7515,31.0861,31.3981,31.2810,31.2217,31.3377,28.6223,28.8211,28.5756,28.9336,28.9166,28.9016,28.4619,28.8238,28.8233,28.7456,28.9177,29.0866,29.0272,28.9833,29.0541,29.0578,29.2186,28.9207,29.1041,28.9442,29.1207,28.8694,28.8694,29.1730,28.8747,28.5875,29.2752;
29.9189,29.7742,29.5792,29.8206,29.6519,29.7364,29.7576,29.6105,29.8472,29.7911,31.0648,31.6425,31.0335,31.5871,31.0861,31.8493,31.3687,31.1377,31.2420,31.2807,28.8445,28.8701,28.6327,28.9839,29.0872,29.2271,28.5110,28.7541,29.0117,28.9678,29.1679,29.2699,29.1707,29.1731,29.2124,29.1850,29.3422,29.0294,29.1960,29.0361,29.3040,29.2134,28.9156,29.4853,28.9237,29.0637,29.3988;
29.9093,29.6807,29.8516,29.9633,29.8439,29.7895,29.9126,29.9317,29.9245,30.0373,31.1399,31.5879,31.4187,31.5679,31.3981,31.3687,32.0650,31.0967,31.4244,31.1454,29.0254,29.1644,28.9760,29.2137,29.2681,28.9801,28.8542,29.0550,28.9651,29.1976,29.1895,29.7534,29.6129,29.3147,29.4463,29.3701,29.8258,29.5064,29.4556,29.3446,29.5860,29.0923,29.2833,29.4040,29.2669,29.0011,29.7486;
29.5125,29.4827,29.1359,29.4493,29.2915,29.4717,29.4215,29.1559,29.3658,29.4912,31.3433,31.0496,31.4603,31.0770,31.2810,31.1377,31.0967,31.6372,31.1500,31.3885,28.3231,28.5225,28.4655,28.6217,28.6846,28.9406,28.2709,28.4043,28.6840,28.5540,28.7268,28.8362,28.7258,28.8059,28.8717,28.6612,28.9546,28.6846,28.8210,28.7687,28.8704,28.8040,28.5218,28.9639,28.6837,28.6288,29.0699;
29.5850,29.5239,29.4523,29.7462,29.5197,29.6199,29.4061,29.5325,29.8146,29.8074,31.2530,31.4613,31.4720,31.5356,31.2217,31.2420,31.4244,31.1500,31.8563,31.5175,28.7975,28.7998,28.6114,28.9858,29.0402,28.7498,28.4896,28.7071,28.5398,28.9697,28.8638,29.3244,29.3076,28.8690,29.2089,29.0515,29.3968,29.1418,29.1502,29.0392,29.1570,28.6537,29.0458,29.1502,28.9023,28.6921,29.3196;
29.6824,29.6120,29.3531,29.4074,29.5127,29.4644,29.3069,29.4459,29.7069,29.6611,31.1755,31.3444,31.5601,31.4957,31.3377,31.2807,31.1454,31.3885,31.5175,31.8072,28.6258,28.7564,28.5754,28.9325,28.9145,28.9069,28.5048,28.5951,28.6933,28.8567,29.0807,29.0189,29.0285,28.9886,29.2257,28.9720,29.1885,28.8673,29.0510,28.9987,29.0531,28.8134,28.8326,29.2586,28.9176,28.6342,29.3038;
30.2747,30.2100,30.1096,30.4629,30.2093,30.1135,30.3198,30.1408,30.4576,30.4015,28.2590,29.0638,28.6450,28.8598,28.6223,28.8445,29.0254,28.3231,28.7975,28.6258,32.4227,32.0005,32.1559,32.1694,32.2727,31.1111,32.0341,31.9396,31.4843,32.1532,31.0492,31.0731,31.0732,31.2046,31.2235,30.8839,31.3058,31.2501,31.0985,30.7782,31.3906,30.9609,30.9267,30.7776,30.9841,30.6152,31.3624;
