SimGraph=[
1.0000,0.9445,0.9461,0.9600,0.9781,0.9540,0.9439,0.9604,0.9633,0.9839,0.8832,0.8973,0.8917,0.8956,0.8912,0.9043,0.9001,0.8910,0.8862,0.8937,0.9030,0.9035,0.9087,0.9107,0.9045,0.9265,0.9016,0.9027,0.9029,0.9114,0.9106,0.9023,0.8883,0.9254,0.8949,0.8872,0.9037,0.8951,0.8816,0.8801,0.9256,0.9032,0.8788,0.9086,0.8873,0.8868,0.9114;
0.9445,1.0000,0.9526,0.9610,0.9516,0.9674,0.9697,0.9600,0.9592,0.9525,0.8767,0.8940,0.9006,0.8939,0.8690,0.8948,0.8855,0.8935,0.8852,0.9012,0.9008,0.9024,0.9005,0.9158,0.9092,0.9107,0.9005,0.8946,0.9031,0.9092,0.9142,0.8933,0.8931,0.9018,0.9134,0.8989,0.9088,0.8863,0.8934,0.8919,0.9018,0.9093,0.8905,0.8977,0.8926,0.8987,0.9165;
0.9461,0.9526,1.0000,0.9367,0.9608,0.9588,0.9698,0.9857,0.9671,0.9536,0.8599,0.9078,0.8765,0.8854,0.8844,0.8852,0.8942,0.8688,0.8839,0.8769,0.9012,0.9102,0.8945,0.9020,0.9174,0.8944,0.8944,0.8947,0.9032,0.9105,0.9081,0.8867,0.9089,0.9028,0.8931,0.9142,0.8951,0.8943,0.9239,0.9085,0.8953,0.9021,0.8988,0.9136,0.8865,0.8992,0.8958;
0.9600,0.9610,0.9367,1.0000,0.9529,0.9689,0.9669,0.9440,0.9625,0.9761,0.9006,0.8885,0.8849,0.8978,0.8761,0.8962,0.9082,0.8850,0.9032,0.8724,0.9102,0.9104,0.9087,0.9109,0.9116,0.9189,0.9016,0.9098,0.9112,0.9116,0.8957,0.9178,0.9041,0.9106,0.8949,0.8942,0.9192,0.9104,0.8891,0.8807,0.9264,0.9109,0.8941,0.8933,0.8873,0.9031,0.9115;
0.9781,0.9516,0.9608,0.9529,1.0000,0.9539,0.9438,0.9682,0.9703,0.9768,0.8685,0.8972,0.8987,0.8878,0.8765,0.8824,0.8930,0.8761,0.8791,0.8859,0.8960,0.9253,0.9086,0.9109,0.9044,0.9267,0.9235,0.9029,0.9100,0.9191,0.9176,0.8952,0.8960,0.9184,0.9019,0.9022,0.9107,0.9029,0.8963,0.8948,0.9038,0.9102,0.8938,0.8936,0.9091,0.8868,0.9184;
0.9540,0.9674,0.9588,0.9689,0.9539,1.0000,0.9590,0.9514,0.9684,0.9619,0.8843,0.9009,0.8859,0.8943,0.8682,0.8939,0.8933,0.8937,0.8928,0.8863,0.9003,0.8947,0.9008,0.9081,0.9165,0.9030,0.8859,0.8939,0.8955,0.9017,0.8933,0.8948,0.8946,0.8880,0.8925,0.8918,0.9032,0.8878,0.8943,0.8859,0.9034,0.8953,0.8918,0.9060,0.8716,0.9080,0.8955;
0.9439,0.9697,0.9698,0.9669,0.9438,0.9590,1.0000,0.9555,0.9517,0.9514,0.8824,0.9018,0.8834,0.8794,0.8914,0.8949,0.9011,0.8913,0.8779,0.8709,0.9027,0.9100,0.9091,0.9035,0.9189,0.9098,0.8943,0.9094,0.9185,0.8972,0.8948,0.9014,0.8956,0.9027,0.8946,0.9009,0.9097,0.8941,0.9106,0.8952,0.9099,0.9175,0.8855,0.9077,0.8863,0.9014,0.9105;
0.9604,0.9600,0.9857,0.9440,0.9682,0.9514,0.9555,1.0000,0.9605,0.9679,0.8602,0.8935,0.8838,0.8858,0.8778,0.8857,0.9016,0.8683,0.8912,0.8842,0.9016,0.9036,0.8941,0.9093,0.9031,0.9017,0.9018,0.8881,0.8966,0.9248,0.9155,0.8941,0.9163,0.9171,0.9004,0.9076,0.8955,0.9017,0.9096,0.9081,0.9026,0.8956,0.8992,0.8993,0.8938,0.8918,0.9031;
0.9633,0.9592,0.9671,0.9625,0.9703,0.9684,0.9517,0.9605,1.0000,0.9794,0.8781,0.9094,0.8932,0.9105,0.8845,0.8946,0.8940,0.8705,0.9018,0.8935,0.9167,0.9179,0.9021,0.9178,0.9251,0.8970,0.9021,0.9105,0.9031,0.9112,0.9094,0.8958,0.8953,0.8970,0.9086,0.9080,0.9113,0.8884,0.9026,0.8872,0.9044,0.9028,0.8926,0.9142,0.8878,0.8857,0.9121;
0.9839,0.9525,0.9536,0.9761,0.9768,0.9619,0.9514,0.9679,0.9794,1.0000,0.8845,0.8960,0.8997,0.8969,0.8839,0.8882,0.9076,0.8842,0.9023,0.8869,0.9102,0.9104,0.9157,0.9179,0.9117,0.9103,0.9086,0.9099,0.8957,0.9186,0.9027,0.9095,0.8958,0.9176,0.9019,0.8942,0.9109,0.9021,0.8892,0.8877,0.9180,0.8954,0.8858,0.9008,0.8943,0.8792,0.9185;
0.8832,0.8767,0.8599,0.9006,0.8685,0.8843,0.8824,0.8602,0.8781,0.8845,1.0000,0.9354,0.9606,0.9597,0.9755,0.9509,0.9587,0.9753,0.9611,0.9524,0.8420,0.8494,0.8475,0.8588,0.8504,0.8816,0.8406,0.8577,0.8650,0.8434,0.8527,0.8733,0.8597,0.8595,0.8577,0.8603,0.8756,0.8651,0.8517,0.8497,0.8753,0.8670,0.8658,0.8607,0.8556,0.8663,0.8679;
0.8973,0.8940,0.9078,0.8885,0.8972,0.9009,0.9018,0.8935,0.9094,0.8960,0.9354,1.0000,0.9517,0.9687,0.9503,0.9775,0.9601,0.9440,0.9672,0.9600,0.8772,0.8714,0.8705,0.8780,0.8933,0.8658,0.8556,0.8707,0.8561,0.8716,0.8717,0.8856,0.8792,0.8656,0.8859,0.8922,0.8876,0.8721,0.8942,0.8853,0.8728,0.8642,0.8768,0.9022,0.8707,0.8691,0.8883;
0.8917,0.9006,0.8765,0.8849,0.8987,0.8859,0.8834,0.8838,0.8932,0.8997,0.9606,0.9517,1.0000,0.9516,0.9684,0.9369,0.9669,0.9774,0.9610,0.9769,0.8583,0.8730,0.8711,0.8732,0.8667,0.8657,0.8711,0.8652,0.8582,0.8666,0.8684,0.8812,0.8680,0.8683,0.8883,0.8681,0.8903,0.8735,0.8683,0.8732,0.8684,0.8603,0.8653,0.8626,0.8861,0.8438,0.8980;
0.8956,0.8939,0.8854,0.8978,0.8878,0.8943,0.8794,0.8858,0.9105,0.8969,0.9597,0.9687,0.9516,1.0000,0.9507,0.9688,0.9608,0.9438,0.9766,0.9746,0.8622,0.8633,0.8545,0.8702,0.8706,0.8643,0.8545,0.8559,0.8634,0.8636,0.8854,0.8860,0.8799,0.8722,0.8848,0.8772,0.8951,0.8722,0.8719,0.8698,0.8880,0.8710,0.8772,0.8941,0.8696,0.8765,0.8874;
0.8912,0.8690,0.8844,0.8761,0.8765,0.8682,0.8914,0.8778,0.8845,0.8839,0.9755,0.9503,0.9684,0.9507,1.0000,0.9503,0.9679,0.9675,0.9521,0.9602,0.8586,0.8662,0.8574,0.8685,0.8671,0.8741,0.8505,0.8744,0.8740,0.8531,0.8626,0.8746,0.8689,0.8693,0.8682,0.8777,0.8769,0.8666,0.8762,0.8673,0.8766,0.8689,0.8679,0.8782,0.8655,0.8521,0.8776;
0.9043,0.8948,0.8852,0.8962,0.8824,0.8939,0.8949,0.8857,0.8946,0.8882,0.9509,0.9775,0.9369,0.9688,0.9503,1.0000,0.9523,0.9518,0.9594,0.9600,0.8693,0.8566,0.8480,0.8632,0.8708,0.8813,0.8409,0.8559,0.8717,0.8638,0.8718,0.8778,0.8714,0.8726,0.8711,0.8773,0.8728,0.8642,0.8717,0.8627,0.8798,0.8798,0.8619,0.8945,0.8559,0.8769,0.8735;
0.9001,0.8855,0.8942,0.9082,0.8930,0.8933,0.9011,0.9016,0.8940,0.9076,0.9587,0.9601,0.9669,0.9608,0.9679,0.9523,1.0000,0.9514,0.9663,0.9439,0.8698,0.8702,0.8685,0.8705,0.8712,0.8613,0.8614,0.8695,0.8631,0.8712,0.8643,0.9068,0.8954,0.8783,0.8791,0.8783,0.9018,0.8931,0.8804,0.8783,0.8939,0.8636,0.8783,0.8731,0.8764,0.8624,0.8941;
0.8910,0.8935,0.8688,0.8850,0.8761,0.8937,0.8913,0.8683,0.8705,0.8842,0.9753,0.9440,0.9774,0.9438,0.9675,0.9518,0.9514,1.0000,0.9455,0.9691,0.8428,0.8504,0.8634,0.8575,0.8589,0.8804,0.8485,0.8495,0.8659,0.8511,0.8606,0.8657,0.8525,0.8677,0.8656,0.8524,0.8677,0.8580,0.8606,0.8654,0.8677,0.8680,0.8496,0.8697,0.8635,0.8664,0.8754;
0.8862,0.8852,0.8839,0.9032,0.8791,0.8928,0.8779,0.8912,0.9018,0.9023,0.9611,0.9672,0.9610,0.9766,0.9521,0.9594,0.9663,0.9455,1.0000,0.9692,0.8732,0.8603,0.8586,0.8740,0.8747,0.8533,0.8515,0.8598,0.8455,0.8747,0.8620,0.8915,0.8910,0.8628,0.8818,0.8754,0.8865,0.8833,0.8760,0.8739,0.8786,0.8475,0.8810,0.8778,0.8665,0.8602,0.8788;
0.8937,0.9012,0.8769,0.8724,0.8859,0.8863,0.8709,0.8842,0.8935,0.8869,0.9524,0.9600,0.9769,0.9746,0.9602,0.9600,0.9439,0.9691,0.9692,1.0000,0.8589,0.8605,0.8586,0.8739,0.8673,0.8680,0.8586,0.8527,0.8605,0.8673,0.8839,0.8687,0.8686,0.8706,0.8889,0.8688,0.8778,0.8610,0.8689,0.8738,0.8707,0.8626,0.8660,0.8857,0.8736,0.8592,0.8855;
0.9030,0.9008,0.9012,0.9102,0.8960,0.9003,0.9027,0.9016,0.9167,0.9102,0.8420,0.8772,0.8583,0.8622,0.8586,0.8693,0.8698,0.8428,0.8732,0.8589,1.0000,0.9623,0.9712,0.9762,0.9838,0.9301,0.9641,0.9689,0.9474,0.9768,0.9149,0.9293,0.9281,0.9233,0.9291,0.9199,0.9308,0.9302,0.9284,0.9130,0.9379,0.9146,0.9200,0.9190,0.9155,0.9056,0.9315;
0.9035,0.9024,0.9102,0.9104,0.9253,0.8947,0.9100,0.9036,0.9179,0.9104,0.8494,0.8714,0.8730,0.8633,0.8662,0.8566,0.8702,0.8504,0.8603,0.8605,0.9623,1.0000,0.9694,0.9633,0.9707,0.9350,0.9843,0.9692,0.9591,0.9715,0.9395,0.9224,0.9301,0.9470,0.9307,0.9295,0.9379,0.9539,0.9374,0.9220,0.9309,0.9441,0.9295,0.9134,0.9532,0.9072,0.9386;
0.9087,0.9005,0.8945,0.9087,0.9086,0.9008,0.9091,0.8941,0.9021,0.9157,0.8475,0.8705,0.8711,0.8545,0.8574,0.8480,0.8685,0.8634,0.8586,0.8586,0.9712,0.9694,1.0000,0.9683,0.9698,0.9428,0.9851,0.9603,0.9461,0.9620,0.9228,0.9207,0.9136,0.9374,0.9288,0.9058,0.9291,0.9373,0.9217,0.9202,0.9292,0.9135,0.9128,0.9125,0.9365,0.8985,0.9367;
0.9107,0.9158,0.9020,0.9109,0.9109,0.9081,0.9035,0.9093,0.9178,0.9179,0.8588,0.8780,0.8732,0.8702,0.8685,0.8632,0.8705,0.8575,0.8740,0.8739,0.9762,0.9633,0.9683,1.0000,0.9847,0.9363,0.9614,0.9788,0.9308,0.9845,0.9299,0.9301,0.9288,0.9310,0.9441,0.9299,0.9388,0.9310,0.9292,0.9277,0.9387,0.9157,0.9368,0.9199,0.9304,0.9134,0.9464;
