SimGraph=[
35.0000,31.4716,31.3913,32.5770,33.7952,32.0820,31.2770,32.5373,32.4598,33.8731,28.4553,29.6099,29.0722,29.1209,28.7982,30.2734,29.7417,29.0411,28.8158,29.0663,30.2263,29.8184,30.3878,30.2385,29.7901,31.4285,30.1256,29.7379,29.9898,30.6168,30.0127,29.7606,29.0439,31.0388,29.2742,28.7352,29.6458,29.4669,28.4358,28.4786,30.8542,29.6471,28.2998,29.4249,28.9588,28.7068,30.1837;
31.4716,35.0000,32.0028,32.0090,32.0378,32.6328,32.7558,32.5547,32.1852,31.7888,28.2407,29.2713,30.3114,29.5727,28.0254,29.2888,28.9861,29.6616,28.7170,30.3520,29.7490,29.8529,29.8555,30.3541,29.9068,30.0093,30.1601,29.2045,29.9724,30.1394,30.6204,29.1688,29.1010,29.8369,30.4921,29.3853,30.2148,28.8751,29.0870,29.1298,29.6523,30.1642,28.9499,29.2852,29.5278,29.3061,30.7527;
31.3913,32.0028,35.0000,30.8665,32.0294,32.2930,33.5981,33.8540,32.5576,31.7110,27.2945,30.1117,28.0610,28.6025,28.9412,28.8899,29.3289,28.1007,28.3135,28.0938,29.7383,29.9082,29.5030,29.3343,30.5772,29.0591,29.1984,29.2016,30.2055,29.7505,29.6588,28.5928,29.8938,29.4419,28.8871,30.0103,29.0721,28.9318,31.1261,30.1521,29.0763,29.6564,29.0095,30.1256,28.5662,29.4915,29.1584;
32.5770,32.0090,30.8665,35.0000,31.9824,32.7372,32.2684,31.5609,32.7422,33.7040,30.0795,29.0260,28.8629,30.1947,28.4327,29.6376,30.6106,28.7798,30.4997,28.2545,30.6601,30.2505,30.3682,30.2207,30.2238,30.5218,30.1061,30.1716,30.3711,30.5989,29.3830,30.8185,30.1013,30.4091,29.2533,29.1660,30.7037,30.5232,28.8690,28.4603,31.3020,30.0259,29.3548,29.0647,28.9393,29.7129,30.1659;
33.7952,32.0378,32.0294,31.9824,35.0000,32.0814,31.2764,32.5813,33.0259,33.2785,27.8434,29.6094,29.6384,29.0769,28.1864,29.0686,29.1471,28.4303,28.2211,29.0223,29.6317,31.0232,30.3872,30.2368,29.7895,31.4552,31.3304,29.7362,30.5844,30.6608,30.6073,29.1659,29.0879,30.4726,29.8403,29.3722,30.2119,29.5109,29.0738,29.1167,29.6494,30.2417,28.9367,28.8141,30.1636,28.7347,30.7498;
32.0820,32.6328,32.2930,32.7372,32.0814,35.0000,32.0879,31.7123,32.6804,32.3992,28.6058,29.6777,29.0263,29.3556,27.7663,29.0142,29.3435,29.6242,29.0666,29.0591,29.8529,29.3901,30.1889,30.0142,30.6917,29.6694,29.2457,29.3162,29.5095,29.7918,29.1715,29.3624,29.2947,28.9547,29.0432,28.9625,29.8417,29.0688,29.3374,28.9287,29.8459,29.1668,29.1513,29.7163,28.0789,30.1808,29.3038;
31.2770,32.7558,33.5981,32.2684,31.2764,32.0879,35.0000,32.4521,31.7943,31.5966,28.5078,30.1256,28.7161,28.6165,29.5963,29.4622,29.9840,29.3140,28.3274,28.1078,29.9331,30.1132,30.3467,29.5290,30.7719,29.8224,29.4035,30.0453,30.9688,29.3066,29.2149,29.4365,29.4499,29.6470,29.0818,29.5664,29.9157,29.1368,30.6823,29.7082,29.9199,30.4197,28.5656,30.1395,28.7712,29.6059,30.0021;
32.5373,32.5547,33.8540,31.5609,32.5813,31.7123,32.4521,35.0000,32.0926,32.8570,27.3883,28.9657,28.6130,28.7028,28.4697,29.0190,30.0233,27.9716,29.0079,28.6457,29.8674,29.4432,29.3739,29.8796,29.4312,29.6044,29.7504,28.7300,29.7405,30.8965,30.2107,29.2872,30.5882,30.5879,29.4390,29.5387,29.1724,29.6262,29.9802,30.0230,29.7707,29.1914,29.1033,28.9796,29.1181,28.9109,29.7103;
32.4598,32.1852,32.5576,32.7422,33.0259,32.6804,31.7943,32.0926,35.0000,33.5867,28.6031,29.9398,29.1369,30.4856,28.7042,29.3990,29.0996,27.9288,29.6299,29.1697,30.7990,30.9013,29.8870,30.3872,30.9569,29.4812,30.1915,30.2546,30.4636,30.1726,30.1174,29.1190,29.0507,29.3338,29.9878,29.8979,30.1650,28.8236,29.6020,28.6279,29.6025,30.1184,28.8971,29.9785,29.0247,28.6981,30.2513;
33.8731,31.7888,31.7110,33.7040,33.2785,32.3992,31.5966,32.8570,33.5867,35.0000,28.9720,29.0932,29.3894,29.6376,28.5077,29.1465,30.0613,28.7481,29.9427,28.7733,30.5465,30.1369,30.7063,30.5587,30.1103,30.3016,30.4441,30.0581,29.6992,30.9369,29.7210,30.0807,29.3635,30.7471,29.5913,29.0524,29.9660,29.7854,28.7554,28.7983,30.5642,29.3541,28.6170,29.1319,29.2773,28.4168,30.5039;
28.4553,28.2407,27.2945,30.0795,27.8434,28.6058,28.5078,27.3883,28.6031,28.9720,35.0000,30.5380,32.3710,32.3091,33.3532,31.1591,32.3650,32.9059,32.5720,31.5298,27.2951,27.4784,27.6039,28.2508,27.4595,29.1621,27.3340,28.2017,28.2092,27.2339,27.4479,28.3533,27.9187,27.8811,27.6637,28.0688,28.8043,28.3406,27.2870,26.9054,28.7740,28.0908,28.5673,27.3337,27.3767,27.8126,28.2665;
29.6099,29.2713,30.1117,29.0260,29.6094,29.6777,30.1256,28.9657,29.9398,29.0932,30.5380,35.0000,31.3070,32.6544,31.4464,33.7783,31.8340,31.3467,32.3654,32.1482,29.1354,28.6726,28.9060,28.7313,29.9742,28.6622,27.9629,28.5987,28.2338,28.5089,28.4252,28.6648,28.5700,28.2084,28.9428,29.4274,29.1170,28.3441,29.8023,28.8553,28.4753,28.4276,28.4266,30.3515,28.0056,28.2791,29.2034;
29.0722,30.3114,28.0610,28.8629,29.6384,29.0263,28.7161,28.6130,29.1369,29.3894,32.3710,31.3070,35.0000,31.6085,32.7140,30.7663,32.5139,33.7919,31.9136,33.5486,28.0677,28.8206,28.8232,28.6728,28.2255,28.4187,29.1277,28.1721,28.3817,28.4581,28.6314,28.5017,28.0676,28.4968,29.4587,28.0422,29.5206,28.4907,28.0536,28.1235,28.3122,28.2658,27.9165,27.4925,29.1704,26.7860,30.0585;
29.1209,29.5727,28.6025,30.1947,29.0769,29.3556,28.6165,28.7028,30.4856,29.6376,32.3091,32.6544,31.6085,35.0000,31.2206,32.7239,32.1954,31.0106,33.5341,33.0598,28.3078,28.4100,27.9610,28.4613,28.4656,28.1654,28.2656,27.7633,28.5825,28.2466,29.3381,29.0268,28.9314,28.5546,29.2442,28.5890,30.0457,28.7043,28.2931,27.9115,29.4474,28.7739,28.7778,29.4501,28.3083,28.5702,29.5078;
28.7982,28.0254,28.9412,28.4327,28.1864,27.7663,29.5963,28.4697,28.7042,28.5077,33.3532,31.4464,32.7140,31.2206,35.0000,31.5092,32.8222,32.6906,31.4835,31.8728,28.2111,28.3901,27.9503,28.6015,28.3755,28.9468,27.6804,29.1178,29.2977,27.5847,27.7943,28.0798,28.3759,28.2275,28.0066,28.9771,28.5308,28.0628,28.9338,27.9868,28.5005,28.4409,28.2860,28.2420,27.7231,26.9808,28.6172;
30.2734,29.2888,28.8899,29.6376,29.0686,29.0142,29.4622,29.0190,29.3990,29.1465,31.1591,33.7783,30.7663,32.7239,31.5092,35.0000,31.8873,31.2934,32.4187,32.2177,29.1887,28.1319,27.6843,28.1840,28.7525,29.2833,27.4221,28.0513,28.8615,28.5622,28.4946,28.7181,28.6233,28.8719,28.4020,28.8800,28.5763,28.3974,28.5806,27.6336,29.1388,29.0553,27.8793,29.7400,27.4648,28.2258,28.6626;
29.7417,28.9861,29.3289,30.6106,29.1471,29.3435,29.9840,30.0233,29.0996,30.0613,32.3650,31.8340,32.5139,32.1954,32.8222,31.8873,35.0000,31.8725,32.5004,31.0625,28.8897,28.4758,28.5936,28.4503,28.4535,28.1855,28.3314,28.4012,28.7731,28.8286,28.1448,30.2576,30.2440,29.1710,28.6576,28.5703,30.1158,29.9309,29.0117,28.6301,30.0681,28.2261,28.7591,28.0194,28.3741,27.9479,29.5779;
29.0411,29.6616,28.1007,28.7798,28.4303,29.6242,29.3140,27.9716,27.9288,28.7481,32.9059,31.3467,33.7919,31.0106,32.6906,31.2934,31.8725,35.0000,31.2723,32.9507,27.4263,27.6125,28.8628,28.0392,28.2652,28.9535,27.9196,27.5385,28.3421,27.8168,28.0335,27.8603,27.4263,28.4656,28.2506,27.4086,28.3125,27.8493,28.0932,28.1632,28.2810,28.2262,27.2829,28.1423,27.9623,27.9941,28.8504;
28.8158,28.7170,28.3135,30.4997,28.2211,29.0666,28.3274,29.0079,29.6299,29.9427,32.5720,32.3654,31.9136,33.5341,31.4835,32.4187,32.5004,31.2723,35.0000,32.7548,28.9225,27.8640,27.9818,28.4832,28.4863,27.5771,27.7196,27.7851,27.4263,28.8614,27.8722,29.3318,29.5461,28.2494,28.6982,28.3011,29.1899,29.3191,28.3138,27.9322,29.1423,27.3079,28.7996,28.5509,27.7623,27.6710,28.6520;
29.0663,30.3520,28.0938,28.2545,29.0223,29.0591,28.1078,28.6457,29.1697,28.7733,31.5298,32.1482,33.5486,33.0598,31.8728,32.2177,31.0625,32.9507,32.7548,35.0000,28.1083,28.2122,28.2148,28.7134,28.2661,28.4205,28.5194,27.5638,28.3836,28.4987,29.2822,27.8933,28.1082,28.4986,29.4993,28.0828,28.9123,27.8823,28.0942,28.1641,28.3140,28.2677,27.9571,28.9439,28.5621,27.4367,29.4502;
30.2263,29.7490,29.7383,30.6601,29.6317,29.8529,29.9331,29.8674,30.7990,30.5465,27.2951,29.1354,28.0677,28.3078,28.2111,29.1887,28.8897,27.4263,28.9225,28.1083,35.0000,32.8279,32.7829,33.5927,34.1612,31.2059,32.5207,33.4600,32.1487,33.9709,30.2199,31.5854,31.1298,31.0892,30.8979,30.5639,31.4706,31.3910,31.0871,30.1130,32.0688,30.7086,30.3751,30.4626,30.4313,30.0784,31.5569;
29.8184,29.8529,29.9082,30.2505,31.0232,29.3901,30.1132,29.4432,30.9013,30.1369,27.4784,28.6726,28.8206,28.4100,28.3901,28.1319,28.4758,27.6125,27.8640,28.2122,32.8279,35.0000,33.3471,32.4161,32.9857,31.6269,34.2902,32.9324,33.1316,32.8400,31.7431,30.4648,30.7056,32.1005,31.0018,30.7386,31.5108,32.4024,31.2569,30.2829,30.9483,32.1001,30.5498,29.9998,32.6035,29.5415,31.5971;
30.3878,29.8555,29.5030,30.3682,30.3872,30.1889,30.3467,29.3739,29.8870,30.7063,27.6039,28.9060,28.8232,27.9610,27.9503,27.6843,28.5936,28.8628,27.9818,28.2148,32.7829,33.3471,35.0000,32.9932,33.2191,31.9679,34.0568,32.4925,31.8813,32.7708,31.1071,30.5826,30.1848,32.0313,31.0044,29.6601,31.0618,31.8815,30.8517,30.8946,31.0660,30.4472,30.0366,30.2332,31.9674,29.7017,31.5997;
30.2385,30.3541,29.3343,30.2207,30.2368,30.0142,29.5290,29.8796,30.3872,30.5587,28.2508,28.7313,28.6728,28.4613,28.6015,28.1840,28.4503,28.0392,28.4832,28.7134,33.5927,32.4161,32.9932,35.0000,33.7571,32.2106,32.7233,33.8504,31.3343,33.9831,30.8250,31.1460,30.6905,31.1014,31.5030,30.9542,31.6242,30.9517,30.6830,30.7259,31.6295,30.2968,31.3308,30.0585,31.0365,30.2396,32.1621;
29.7901,29.9068,30.5772,30.2238,29.7895,30.6917,30.7719,29.4312,30.9569,30.1103,27.4595,29.9742,28.2255,28.4656,28.3755,28.7525,28.4535,28.2652,28.4863,28.2661,34.1612,32.9857,33.2191,33.7571,35.0000,30.9677,32.2760,33.6244,31.9039,33.5347,30.3778,31.1491,30.6936,30.6530,31.0557,30.7283,31.6284,30.9548,31.9259,30.9518,31.6326,30.8664,30.5395,31.3014,30.5892,30.9172,31.7148;
31.4285,30.0093,29.0591,30.5218,31.4552,29.6694,29.8224,29.6044,29.4812,30.3016,29.1621,28.6622,28.4187,28.1654,28.9468,29.2833,28.1855,28.9535,27.5771,28.4205,31.2059,31.6269,31.9679,32.2106,30.9677,35.0000,32.3367,31.7099,32.7591,31.8324,30.5171,29.5255,29.7674,31.4424,29.9520,30.0419,30.0037,30.6825,29.7599,29.8028,30.6192,31.2018,30.4184,29.1177,30.7673,29.7773,30.5416;
30.1256,30.1601,29.1984,30.1061,31.3304,29.2457,29.4035,29.7504,30.1915,30.4441,27.3340,27.9629,29.1277,28.2656,27.6804,27.4221,28.3314,27.9196,27.7196,28.5194,32.5207,34.2902,34.0568,32.7233,32.2760,32.3367,35.0000,32.2226,32.8245,33.1472,32.0503,30.3204,30.5612,32.4077,31.3090,30.0288,31.3664,32.2579,30.5472,30.5900,30.8039,31.3904,30.4053,29.2900,32.9106,29.3971,31.9043;
29.7379,29.2045,29.2016,30.1716,29.7362,29.3162,30.0453,28.7300,30.2546,30.0581,28.2017,28.5987,28.1721,27.7633,29.1178,28.0513,28.4012,27.5385,27.7851,27.5638,33.4600,32.9324,32.4925,33.8504,33.6244,31.7099,32.2226,35.0000,31.8506,32.8336,30.3088,31.7303,30.6258,31.2341,30.9867,31.4549,32.2084,31.5359,31.1837,30.2096,32.2137,31.4464,31.2661,30.5592,31.1692,30.1750,32.2947;
29.9898,29.9724,30.2055,30.3711,30.5844,29.5095,30.9688,29.7405,30.4636,29.6992,28.2092,28.2338,28.3817,28.5825,29.2977,28.8615,28.7731,28.3421,27.4263,28.3836,32.1487,33.1316,31.8813,31.3343,31.9039,32.7591,32.8245,31.8506,35.0000,31.7583,30.4849,29.3830,30.3550,30.8424,29.9150,29.6518,30.4290,30.5340,30.9064,29.9323,30.4767,32.1818,29.4630,29.5232,30.7351,29.6282,30.5154;
30.6168,30.1394,29.7505,30.5989,30.6608,29.7918,29.3066,30.8965,30.1726,30.9369,27.2339,28.5089,28.4581,28.2466,27.5847,28.5622,28.8286,27.8168,28.8614,28.4987,33.9709,32.8400,32.7708,33.9831,33.5347,31.8324,33.1472,32.8336,31.7583,35.0000,31.2490,31.5242,31.7073,32.1183,31.2883,30.5760,31.4095,31.9685,31.0992,31.1421,32.0077,30.7208,30.9526,29.8361,31.4604,30.6559,31.9474;
30.0127,30.6204,29.6588,29.3830,30.6073,29.1715,29.2149,30.2107,30.1174,29.7210,27.4479,28.4252,28.6314,29.3381,27.7943,28.4946,28.1448,28.0335,27.8722,29.2822,30.2199,31.7431,31.1071,30.8250,30.3778,30.5171,32.0503,30.3088,30.4849,31.2490,35.0000,30.7843,32.0888,33.4818,32.8365,32.3684,31.8303,31.9099,32.0748,32.1176,31.8779,32.4644,31.9329,32.2398,32.5625,32.3469,32.3682;
29.7606,29.1688,28.5928,30.8185,29.1659,29.3624,29.4365,29.2872,29.1190,30.0807,28.3533,28.6648,28.5017,29.0268,28.0798,28.7181,30.2576,27.8603,29.3318,27.8933,31.5854,30.4648,30.5826,31.1460,31.1491,29.5255,30.3204,31.7303,29.3830,31.5242,30.7843,35.0000,32.1523,32.3025,31.2961,31.2087,33.9540,33.0624,30.9200,31.4425,33.9064,31.3566,31.3975,30.4616,32.4098,32.1982,33.4161;
29.0439,29.1010,29.8938,30.1013,29.0879,29.2947,29.4499,30.5882,29.0507,29.3635,27.9187,28.5700,28.0676,28.9314,28.3759,28.6233,30.2440,27.4263,29.5461,28.1082,31.1298,30.7056,30.1848,30.6905,30.6936,29.7674,30.5612,30.6258,30.3550,31.7073,32.0888,32.1523,35.0000,31.7314,32.7750,32.5143,32.0375,33.3033,33.7677,33.3590,31.9899,30.7864,33.5151,31.1285,31.7194,31.8648,31.4996;
31.0388,29.8369,29.4419,30.4091,30.4726,28.9547,29.6470,30.5879,29.3338,30.7471,27.8811,28.2084,28.4968,28.5546,28.2275,28.8719,29.1710,28.4656,28.2494,28.4986,31.0892,32.1005,32.0313,31.1014,30.6530,31.4424,32.4077,31.2341,30.8424,32.1183,33.4818,32.3025,31.7314,35.0000,31.3183,31.4180,32.1877,33.4281,31.1233,31.1661,33.3962,32.8219,30.9826,31.2883,32.9200,31.3954,32.7256;
29.2742,30.4921,28.8871,29.2533,29.8403,29.0432,29.0818,29.4390,29.9878,29.5913,27.6637,28.9428,29.4587,29.2442,28.0066,28.4020,28.6576,28.2506,28.6982,29.4993,30.8979,31.0018,31.0044,31.5030,31.0557,29.9520,31.3090,30.9867,29.9150,31.2883,32.8365,31.2961,32.7750,31.3183,35.0000,33.0812,32.3421,31.8144,32.7610,32.8038,31.1337,31.9212,33.4578,32.3352,32.4671,30.9640,32.8800;
28.7352,29.3853,30.0103,29.1660,29.3722,28.9625,29.5664,29.5387,29.8979,29.0524,28.0688,29.4274,28.0422,28.5890,28.9771,28.8800,28.5703,27.4086,28.3011,28.0828,30.5639,30.7386,29.6601,30.9542,30.7283,30.0419,30.0288,31.4549,29.6518,30.5760,32.3684,31.2087,32.5143,31.4180,33.0812,35.0000,31.6869,31.5537,33.0722,32.0981,31.0463,32.4700,33.9992,32.8198,31.1869,31.5218,31.7732;
29.6458,30.2148,29.0721,30.7037,30.2119,29.8417,29.9157,29.1724,30.1650,29.9660,28.8043,29.1170,29.5206,30.0457,28.5308,28.5763,30.1158,28.3125,29.1899,28.9123,31.4706,31.5108,31.0618,31.6242,31.6284,30.0037,31.3664,32.2084,30.4290,31.4095,31.8303,33.9540,32.0375,32.1877,32.3421,31.6869,35.0000,32.9477,31.3993,30.9905,33.7916,32.4026,31.8757,30.9408,32.5245,31.7462,34.4621;
29.4669,28.8751,28.9318,30.5232,29.5109,29.0688,29.1368,29.6262,28.8236,29.7854,28.3406,28.3441,28.4907,28.7043,28.0628,28.3974,29.9309,27.8493,29.3191,27.8823,31.3910,32.4024,31.8815,30.9517,30.9548,30.6825,32.2579,31.5359,30.5340,31.9685,31.9099,33.0624,33.3033,33.4281,31.8144,31.5537,32.9477,35.0000,32.0710,31.6622,32.9000,31.7015,32.5545,30.1679,33.4161,30.8992,32.4098;
28.4358,29.0870,31.1261,28.8690,29.0738,29.3374,30.6823,29.9802,29.6020,28.7554,27.2870,29.8023,28.0536,28.2931,28.9338,28.5806,29.0117,28.0932,28.3138,28.0942,31.0871,31.2569,30.8517,30.6830,31.9259,29.7599,30.5472,31.1837,30.9064,31.0992,32.0748,30.9200,33.7677,31.1233,32.7610,33.0722,31.3993,32.0710,35.0000,34.0259,30.7576,31.3377,32.8834,32.3608,31.7053,31.9075,31.4856;
28.4786,29.1298,30.1521,28.4603,29.1167,28.9287,29.7082,30.0230,28.6279,28.7983,26.9054,28.8553,28.1235,27.9115,27.9868,27.6336,28.6301,28.1632,27.9322,28.1641,30.1130,30.2829,30.8946,30.7259,30.9518,29.8028,30.5900,30.2096,29.9323,31.1421,32.1176,31.4425,33.3590,31.1661,32.8038,32.0981,30.9905,31.6622,34.0259,35.0000,30.3489,30.3637,32.4747,31.3867,32.6794,32.4300,31.5284;
30.8542,29.6523,29.0763,31.3020,29.6494,29.8459,29.9199,29.7707,29.6025,30.5642,28.7740,28.4753,28.3122,29.4474,28.5005,29.1388,30.0681,28.2810,29.1423,28.3140,32.0688,30.9483,31.0660,31.6295,31.6326,30.6192,30.8039,32.2137,30.4767,32.0077,31.8779,33.9064,31.9899,33.3962,31.1337,31.0463,33.7916,32.9000,30.7576,30.3489,35.0000,32.4502,31.2351,31.5552,31.3161,32.3606,33.2537;
29.6471,30.1642,29.6564,30.0259,30.2417,29.1668,30.4197,29.1914,30.1184,29.3541,28.0908,28.4276,28.2658,28.7739,28.4409,29.0553,28.2261,28.2262,27.3079,28.2677,30.7086,32.1001,30.4472,30.2968,30.8664,31.2018,31.3904,31.4464,32.1818,30.7208,32.4644,31.3566,30.7864,32.8219,31.9212,32.4700,32.4026,31.7015,31.3377,30.3637,32.4502,35.0000,31.4692,32.3414,31.9026,31.6017,32.4889;
28.2998,28.9499,29.0095,29.3548,28.9367,29.1513,28.5656,29.1033,28.8971,28.6170,28.5673,28.4266,27.9165,28.7778,28.2860,27.8793,28.7591,27.2829,28.7996,27.9571,30.3751,30.5498,30.0366,31.3308,30.5395,30.4184,30.4053,31.2661,29.4630,30.9526,31.9329,31.3975,33.5151,30.9826,33.4578,33.9992,31.8757,32.5545,32.8834,32.4747,31.2351,31.4692,35.0000,31.8190,31.5635,31.7106,31.3378;
29.4249,29.2852,30.1256,29.0647,28.8141,29.7163,30.1395,28.9796,29.9785,29.1319,27.3337,30.3515,27.4925,29.4501,28.2420,29.7400,28.0194,28.1423,28.5509,28.9439,30.4626,29.9998,30.2332,30.0585,31.3014,29.1177,29.2900,30.5592,29.5232,29.8361,32.2398,30.4616,31.1285,31.2883,32.3352,32.8198,30.9408,30.1679,32.3608,31.3867,31.5552,32.3414,31.8190,35.0000,29.8023,32.0665,31.0272;
28.9588,29.5278,28.5662,28.9393,30.1636,28.0789,28.7712,29.1181,29.0247,29.2773,27.3767,28.0056,29.1704,28.3083,27.7231,27.4648,28.3741,27.9623,27.7623,28.5621,30.4313,32.6035,31.9674,31.0365,30.5892,30.7673,32.9106,31.1692,30.7351,31.4604,32.5625,32.4098,31.7194,32.9200,32.4671,31.1869,32.5245,33.4161,31.7053,32.6794,31.3161,31.9026,31.5635,29.8023,35.0000,30.8406,33.0624;
28.7068,29.3061,29.4915,29.7129,28.7347,30.1808,29.6059,28.9109,28.6981,28.4168,27.8126,28.2791,26.7860,28.5702,26.9808,28.2258,27.9479,27.9941,27.6710,27.4367,30.0784,29.5415,29.7017,30.2396,30.9172,29.7773,29.3971,30.1750,29.6282,30.6559,32.3469,32.1982,31.8648,31.3954,30.9640,31.5218,31.7462,30.8992,31.9075,32.4300,32.3606,31.6017,31.7106,32.0665,30.8406,35.0000,31.2083;
30.1837,30.7527,29.1584,30.1659,30.7498,29.3038,30.0021,29.7103,30.2513,30.5039,28.2665,29.2034,30.0585,29.5078,28.6172,28.6626,29.5779,28.8504,28.6520,29.4502,31.5569,31.5971,31.5997,32.1621,31.7148,30.5416,31.9043,32.2947,30.5154,31.9474,32.3682,33.4161,31.4996,32.7256,32.8800,31.7732,34.4621,32.4098,31.4856,31.5284,33.2537,32.4889,31.3378,31.0272,33.0624,31.2083,35.0000;
];
