SimGraph=[
35.0000,34.0895,34.2020,34.3294,34.6869,34.3847,34.0635,34.3308,34.6089,34.7894,32.0477,32.4811,32.1741,32.4550,32.1605,32.5371,32.3731,32.1479,32.1311,32.2535,32.6546,32.7106,32.6862,32.8330,32.8050,33.2477,32.5515,32.6246,32.8423,32.7857,32.7707,32.5635,32.3764,32.9330,32.4657,32.3835,32.6566,32.3674,32.3558,32.2675,32.9977,32.6994,32.1638,32.8038,32.2719,32.4031,32.7648;
34.0895,35.0000,34.1720,34.4907,34.1063,34.4036,34.6068,34.2480,34.3075,34.2472,31.9888,32.3717,32.2639,32.3332,31.8110,32.4004,32.1733,32.2054,32.1179,32.2650,32.6199,32.6643,32.5821,32.8679,32.8231,33.1104,32.5052,32.5293,32.8492,32.7510,32.7394,32.5025,32.4813,32.6608,32.6780,32.5548,32.7062,32.3144,32.5135,32.4251,32.7175,32.8070,32.3350,32.4790,32.3296,32.5506,32.8145;
34.2020,34.1720,35.0000,33.8913,34.4572,34.2408,34.4350,34.8712,34.4100,34.2874,31.6462,32.4902,31.9513,32.1807,32.0560,32.1894,32.3759,31.7906,32.0233,31.9417,32.5523,32.8264,32.4703,32.6663,32.8402,32.8018,32.5472,32.4478,32.8311,32.8596,32.7813,32.3787,32.7096,32.7606,32.4202,32.7575,32.5245,32.4781,32.8828,32.6743,32.5937,32.7209,32.4816,32.7439,32.3715,32.5631,32.5689;
34.3294,34.4907,33.8913,35.0000,34.2355,34.5436,34.4564,33.9562,34.4234,34.5400,32.2285,32.2925,32.0599,32.4017,31.8187,32.3740,32.4032,32.0592,32.2970,31.9307,32.8033,32.8299,32.7416,32.9178,32.9538,33.2806,32.6069,32.7733,33.0159,32.8705,32.6069,32.8648,32.6770,32.7692,32.5446,32.5264,32.9579,32.6392,32.5039,32.3516,33.0798,32.8678,32.4592,32.4674,32.3273,32.7299,32.8496;
34.6869,34.1063,34.4572,34.2355,35.0000,34.3436,34.0224,34.5332,34.6257,34.6955,31.8042,32.4400,32.1909,32.2526,31.9170,32.2240,32.2793,31.8875,32.0372,32.0510,32.5607,33.0237,32.6451,32.8087,32.7639,33.3006,32.8646,32.6003,32.9361,32.9881,32.8646,32.4696,32.5789,32.9162,32.4825,32.6556,32.6734,32.5698,32.6111,32.5227,32.6846,32.7933,32.4359,32.5434,32.5850,32.4391,32.7816;
34.3847,34.4036,34.2408,34.5436,34.3436,35.0000,34.2169,34.1682,34.6088,34.5424,32.0985,32.4167,32.1131,32.3882,31.7681,32.3607,32.2968,32.1972,32.2308,32.1035,32.5203,32.5069,32.5033,32.6906,32.8083,32.9330,32.2838,32.4158,32.6917,32.5875,32.4141,32.4516,32.4303,32.3933,32.3527,32.3374,32.5974,32.2634,32.3947,32.2424,32.6665,32.5456,32.2702,32.6201,32.0042,32.5844,32.4892;
34.0635,34.6068,34.4350,34.4564,34.0224,34.2169,35.0000,34.3062,34.1413,34.1489,31.9406,32.4203,32.0010,32.1108,32.1056,32.3643,32.4255,32.0850,31.9533,31.8718,32.7423,32.8503,32.7906,32.8563,33.0302,33.0705,32.5711,32.7680,33.0998,32.7532,32.6750,32.6989,32.6033,32.7845,32.6102,32.6512,32.8448,32.5020,32.7765,32.5680,32.9139,32.9896,32.3752,32.6740,32.3954,32.7016,32.8891;
34.3308,34.2480,34.8712,33.9562,34.5332,34.1682,34.3062,35.0000,34.3659,34.4162,31.6553,32.3614,32.0274,32.1928,32.0089,32.1981,32.4408,31.7819,32.0882,32.0177,32.5610,32.7824,32.4616,32.7394,32.7114,32.8748,32.6232,32.4007,32.7870,32.9884,32.8574,32.4436,32.7745,32.8894,32.4963,32.7104,32.5367,32.5430,32.7540,32.6656,32.6586,32.6769,32.4907,32.6151,32.4476,32.4905,32.6449;
34.6089,34.3075,34.4100,34.4234,34.6257,34.6088,34.1413,34.3659,35.0000,34.8195,31.9921,32.6124,32.2619,32.5707,32.0359,32.3964,32.3420,31.9586,32.3554,32.2522,32.8105,32.8176,32.6152,32.9384,33.0137,32.9262,32.5383,32.7199,32.7587,32.8215,32.6686,32.5330,32.4755,32.5899,32.6063,32.6032,32.7367,32.3075,32.5639,32.3554,32.7480,32.6107,32.3273,32.7874,32.2587,32.3363,32.7811;
34.7894,34.2472,34.2874,34.5400,34.6955,34.5424,34.1489,34.4162,34.8195,35.0000,32.0391,32.4898,32.3317,32.4464,32.0267,32.3265,32.4586,32.0863,32.3417,32.1919,32.7407,32.7673,32.7429,32.9191,32.8911,33.0371,32.6082,32.7106,32.7085,32.8718,32.6082,32.6496,32.4618,32.7704,32.5459,32.4638,32.7427,32.4241,32.4413,32.3529,32.8646,32.5604,32.2440,32.6647,32.3286,32.2699,32.8509;
32.0477,31.9888,31.6462,32.2285,31.8042,32.0985,31.9406,31.6553,31.9921,32.0391,35.0000,33.9788,34.4800,34.3210,34.5902,34.2238,34.2145,34.6848,34.4667,34.3893,30.7581,30.8543,30.7522,31.0743,30.9643,31.6564,30.6313,30.9298,31.2595,30.8253,31.0165,31.4116,31.2229,31.0589,31.1601,31.2013,31.4504,31.1348,31.1055,31.0773,31.3695,31.2272,31.2068,31.3851,31.0164,31.2497,31.3421;
32.4811,32.3717,32.4902,32.2925,32.4400,32.4167,32.4203,32.3614,32.6124,32.4898,33.9788,35.0000,34.2574,34.6137,34.1477,34.6992,34.4676,34.0967,34.4563,34.3482,31.4577,31.4363,31.3765,31.5718,31.7457,31.6370,31.1570,31.3532,31.3487,31.4687,31.5260,31.8449,31.7144,31.4549,31.7926,31.8335,31.8668,31.5248,31.8875,31.8031,31.5835,31.3942,31.5576,32.1155,31.5422,31.4309,31.9111;
32.1741,32.2639,31.9513,32.0599,32.1909,32.1131,32.0010,32.0274,32.2619,32.3317,34.4800,34.2574,35.0000,34.2190,34.5470,34.0414,34.3701,34.6967,34.5429,34.6900,31.0300,31.2046,31.1224,31.2780,31.2332,31.4058,31.0455,31.0695,31.1447,31.1611,31.2115,31.5309,31.3785,31.2128,31.5752,31.3793,31.6107,31.2915,31.4107,31.4463,31.2695,31.1142,31.2322,31.4729,31.4306,30.9020,31.7189;
32.4550,32.3332,32.1807,32.4017,32.2526,32.3882,32.1108,32.1928,32.5707,32.4464,34.3210,34.6137,34.2190,35.0000,34.1561,34.6169,34.4516,34.1349,34.5654,34.5290,31.2336,31.2407,31.0945,31.4177,31.4368,31.6248,31.0176,31.1430,31.4011,31.3008,31.6058,31.8296,31.6984,31.4768,31.6767,31.6174,31.9093,31.4801,31.5781,31.5498,31.7874,31.4414,31.5502,32.0200,31.4027,31.5501,31.8011;
32.1605,31.8110,32.0560,31.8187,31.9170,31.7681,32.1056,32.0089,32.0359,32.0267,34.5902,34.1477,34.5470,34.1561,35.0000,34.1479,34.4156,34.5070,34.3018,34.4562,31.0757,31.2006,31.0423,31.3357,31.2819,31.5243,30.9214,31.2474,31.4245,31.0867,31.3066,31.5205,31.4239,31.3490,31.4477,31.5451,31.5592,31.2723,31.5153,31.4308,31.4784,31.3261,31.3418,31.7288,31.3065,31.1138,31.6035;
32.5371,32.4004,32.1894,32.3740,32.2240,32.3607,32.3643,32.1981,32.3964,32.3265,34.2238,34.6992,34.0414,34.6169,34.1479,35.0000,34.3044,34.2600,34.2930,34.3514,31.2945,31.2203,31.0757,31.3527,31.4449,31.8821,30.9410,31.1342,31.5967,31.3054,31.5292,31.6817,31.5511,31.5109,31.5765,31.6145,31.6508,31.3616,31.5868,31.5023,31.6395,31.6422,31.3385,32.0339,31.3261,31.5942,31.6951;
32.3731,32.1733,32.3759,32.4032,32.2793,32.2968,32.4255,32.4408,32.3420,32.4586,34.2145,34.4676,34.3701,34.4516,34.4156,34.3044,35.0000,34.1246,34.3470,34.0601,31.3788,31.4340,31.3457,31.4933,31.5292,31.4626,31.2110,31.3487,31.4387,31.4459,31.4497,32.1050,31.9357,31.5616,31.7373,31.7191,32.0741,31.7841,31.7626,31.7343,31.8436,31.4130,31.6519,31.8295,31.5961,31.4232,31.9658;
32.1479,32.2054,31.7906,32.0592,31.8875,32.1972,32.0850,31.7819,31.9586,32.0863,34.6848,34.0967,34.6967,34.1349,34.5070,34.2600,34.1246,35.0000,34.2974,34.6059,30.7845,30.9013,30.9616,31.0187,31.0725,31.6106,30.7422,30.8103,31.3054,30.9156,31.1274,31.2855,31.1330,31.1866,31.2719,31.1200,31.3074,31.0460,31.2500,31.2856,31.2433,31.2750,30.9729,31.5314,31.1273,31.2053,31.4156;
32.1311,32.1179,32.0233,32.2970,32.0372,32.2308,31.9533,32.0882,32.3554,32.3417,34.4667,34.4563,34.5429,34.5654,34.3018,34.2930,34.3470,34.2974,35.0000,34.6337,31.2016,31.0980,31.0097,31.3161,31.3521,31.3039,30.8750,31.0414,31.0392,31.2688,31.1712,31.7249,31.6664,31.1529,31.5340,31.4431,31.6940,31.4481,31.4933,31.4650,31.4635,31.0068,31.4486,31.6433,31.2601,31.1734,31.5858;
32.2535,32.2650,31.9417,31.9307,32.0510,32.1035,31.8718,32.0177,32.2522,32.1919,34.3893,34.3482,34.6900,34.5290,34.4562,34.3514,34.0601,34.6059,34.6337,35.0000,31.0310,31.0754,30.9932,31.2790,31.2342,31.4959,30.9163,30.9404,31.2347,31.1621,31.4318,31.4018,31.3795,31.3029,31.5762,31.3803,31.4815,31.1623,31.4117,31.4473,31.3596,31.2043,31.2332,31.7829,31.3014,31.1222,31.5897;
32.6546,32.6199,32.5523,32.8033,32.5607,32.5203,32.7423,32.5610,32.8105,32.7407,30.7581,31.4577,31.0300,31.2336,31.0757,31.2945,31.3788,30.7845,31.2016,31.0310,35.0000,34.4336,34.7275,34.6199,34.7121,33.6640,34.5928,34.4014,34.0691,34.5726,33.3720,33.4768,33.3839,33.5093,33.5655,33.2603,33.5698,33.5700,33.4196,33.2111,33.6917,33.3320,33.3275,33.2014,33.4106,33.1221,33.6141;
32.7106,32.6643,32.8264,32.8299,33.0237,32.5069,32.8503,32.7824,32.8176,32.7673,30.8543,31.4363,31.2046,31.2407,31.2006,31.2203,31.4340,30.9013,31.0980,31.0754,34.4336,35.0000,34.5013,34.5615,34.6369,33.6476,34.7208,34.4732,34.0929,34.7409,33.8082,33.4790,33.6053,33.9650,33.6062,33.5563,33.6827,34.0257,33.6937,33.4853,33.6940,33.7992,33.6235,33.1842,33.9769,33.3432,33.7270;
32.6862,32.5821,32.4703,32.7416,32.6451,32.5033,32.7906,32.4616,32.6152,32.7429,30.7522,31.3765,31.1224,31.0945,31.0423,31.0757,31.3457,30.9616,31.0097,30.9932,34.7275,34.5013,35.0000,34.5233,34.5771,33.7514,34.7805,34.3149,34.0326,34.4202,33.4296,33.3907,33.2207,33.6443,33.5239,33.1016,33.5365,33.6411,33.3376,33.2493,33.6057,33.3005,33.2250,33.1244,33.5984,33.0433,33.6448;
32.8330,32.8679,32.6663,32.9178,32.8087,32.6906,32.8563,32.7394,32.9384,32.9191,31.0743,31.5718,31.2780,31.4177,31.3357,31.3527,31.4933,31.0187,31.3161,31.2790,34.6199,34.5615,34.5233,35.0000,34.8261,33.6058,34.4024,34.6613,33.7586,34.7510,33.6201,33.5912,33.4984,33.6877,33.8136,33.5203,33.7539,33.6845,33.5336,33.4453,33.8062,33.4599,33.6437,33.3154,33.6586,33.2923,33.8622;
32.8050,32.8231,32.8402,32.9538,32.7639,32.8083,33.0302,32.7114,33.0137,32.8911,30.9643,31.7457,31.2332,31.4368,31.2819,31.4449,31.5292,31.0725,31.3521,31.2342,34.7121,34.6369,34.5771,34.8261,35.0000,33.4319,34.3576,34.6076,33.8339,34.7230,33.5753,33.6272,33.5344,33.6597,33.7687,33.4665,33.7730,33.7204,33.7075,33.4990,33.8422,33.5352,33.5337,33.4893,33.6138,33.4100,33.8174;
33.2477,33.1104,32.8018,33.2806,33.3006,32.9330,33.0705,32.8748,32.9262,33.0371,31.6564,31.6370,31.4058,31.6248,31.5243,31.8821,31.4626,31.6106,31.3039,31.4959,33.6640,33.6476,33.7514,33.6058,33.4319,35.0000,33.9269,33.3973,34.4624,33.6531,33.2594,32.7914,33.1386,33.4573,33.0012,33.0043,32.9541,33.2348,33.1738,33.0854,33.2257,33.5381,33.1277,32.7223,33.2089,33.1227,33.0624;
32.5515,32.5052,32.5472,32.6069,32.8646,32.2838,32.5711,32.6232,32.5383,32.6082,30.6313,31.1570,31.0455,31.0176,30.9214,30.9410,31.2110,30.7422,30.8750,30.9163,34.5928,34.7208,34.7805,34.4024,34.3576,33.9269,35.0000,34.1940,34.2521,34.5818,33.6491,33.2559,33.3823,33.8059,33.4471,33.2770,33.4597,33.8026,33.4145,33.3261,33.4709,33.5199,33.4004,32.9049,33.8178,33.1201,33.5679;
32.6246,32.5293,32.4478,32.7733,32.6003,32.4158,32.7680,32.4007,32.7199,32.7106,30.9298,31.3532,31.0695,31.1430,31.2474,31.1342,31.3487,30.8103,31.0414,30.9404,34.4014,34.4732,34.3149,34.6613,34.6076,33.3973,34.1940,35.0000,33.6703,34.4123,33.7084,33.8737,33.6507,33.9063,33.9019,33.7288,34.0364,33.9669,33.7420,33.5336,34.0887,33.7985,33.7959,33.5239,33.8771,33.4446,34.0807;
32.8423,32.8492,32.8311,33.0159,32.9361,32.6917,33.0998,32.7870,32.7587,32.7085,31.2595,31.3487,31.1447,31.4011,31.4245,31.5967,31.4387,31.3054,31.0392,31.2347,34.0691,34.0929,34.0326,33.7586,33.8339,34.4624,34.2521,33.6703,35.0000,33.9380,33.1203,32.6760,33.1147,33.2772,32.8831,32.8332,32.8798,33.1186,33.2031,32.9946,33.1103,33.5402,32.9004,32.6804,33.0699,33.0043,32.9241;
32.7857,32.7510,32.8596,32.8705,32.9881,32.5875,32.7532,32.9884,32.8215,32.8718,30.8253,31.4687,31.1611,31.3008,31.0867,31.3054,31.4459,30.9156,31.2688,31.1621,34.5726,34.7409,34.4202,34.7510,34.7230,33.6531,34.5818,34.4123,33.9380,35.0000,33.7995,33.5439,33.7474,33.9367,33.6966,33.5676,33.6370,33.9335,33.7268,33.6385,33.7589,33.6393,33.6910,33.2124,33.8380,33.4856,33.7452;
32.7707,32.7394,32.7813,32.6069,32.8646,32.4141,32.6750,32.8574,32.6686,32.6082,31.0165,31.5260,31.2115,31.6058,31.3066,31.5292,31.4497,31.1274,31.1712,31.4318,33.3720,33.8082,33.4296,33.6201,33.5753,33.2594,33.6491,33.7084,33.1203,33.7995,35.0000,33.9633,34.1708,34.7325,34.2356,34.4087,34.1670,34.1669,34.2030,34.1147,34.3975,34.4465,34.1890,34.2559,34.1820,34.4711,34.2753;
32.5635,32.5025,32.3787,32.8648,32.4696,32.4516,32.6989,32.4436,32.5330,32.6496,31.4116,31.8449,31.5309,31.8296,31.5205,31.6817,32.1050,31.2855,31.7249,31.4018,33.4768,33.4790,33.3907,33.5912,33.6272,32.7914,33.2559,33.8737,32.6760,33.5439,33.9633,35.0000,34.1370,34.2308,34.1661,34.1478,34.7963,34.4533,33.9639,34.1084,34.5658,33.9973,34.0806,33.7365,34.4381,34.1627,34.6880;
32.3764,32.4813,32.7096,32.6770,32.5789,32.4303,32.6033,32.7745,32.4755,32.4618,31.2229,31.7144,31.3785,31.6984,31.4239,31.5511,31.9357,31.1330,31.6664,31.3795,33.3839,33.6053,33.2207,33.4984,33.5344,33.1386,33.3823,33.6507,33.1147,33.7474,34.1708,34.1370,35.0000,34.0140,34.5053,34.4402,34.2301,34.5796,34.8269,34.6746,33.9996,33.8653,34.7162,33.7325,34.2677,34.0204,34.1219;
32.9330,32.6608,32.7606,32.7692,32.9162,32.3933,32.7845,32.8894,32.5899,32.7704,31.0589,31.4549,31.2128,31.4768,31.3490,31.5109,31.5616,31.1866,31.1529,31.3029,33.5093,33.9650,33.6443,33.6877,33.6597,33.4573,33.8059,33.9063,33.2772,33.9367,34.7325,34.2308,34.0140,35.0000,33.9681,34.1823,34.3239,34.4344,33.9934,33.9051,34.6650,34.6034,33.9625,34.0462,34.3389,34.2615,34.4321;
32.4657,32.6780,32.4202,32.5446,32.4825,32.3527,32.6102,32.4963,32.6063,32.5459,31.1601,31.7926,31.5752,31.6767,31.4477,31.5765,31.7373,31.2719,31.5340,31.5762,33.5655,33.6062,33.5239,33.8136,33.7687,33.0012,33.4471,33.9019,32.8831,33.6966,34.2356,34.1661,34.5053,33.9681,35.0000,34.5337,34.3698,34.3173,34.5375,34.4491,34.0286,33.9998,34.6570,34.1055,34.3324,33.8059,34.4780;
32.3835,32.5548,32.7575,32.5264,32.6556,32.3374,32.6512,32.7104,32.6032,32.4638,31.2013,31.8335,31.3793,31.6174,31.5451,31.6145,31.7191,31.1200,31.4431,31.3803,33.2603,33.5563,33.1016,33.5203,33.4665,33.0043,33.2770,33.7288,32.8332,33.5676,34.4087,34.1478,34.4402,34.1823,34.5337,35.0000,34.3105,34.2522,34.5316,34.3231,34.0104,34.2931,34.7241,34.1464,34.1624,34.0869,34.3548;
32.6566,32.7062,32.5245,32.9579,32.6734,32.5974,32.8448,32.5367,32.7367,32.7427,31.4504,31.8668,31.6107,31.9093,31.5592,31.6508,32.0741,31.3074,31.6940,31.4815,33.5698,33.6827,33.5365,33.7539,33.7730,32.9541,33.4597,34.0364,32.8798,33.6370,34.1670,34.7963,34.2301,34.3239,34.3698,34.3105,35.0000,34.5464,34.1097,33.9575,34.6589,34.2010,34.2433,33.8823,34.3451,34.0117,34.8918;
32.3674,32.3144,32.4781,32.6392,32.5698,32.2634,32.5020,32.5430,32.3075,32.4241,31.1348,31.5248,31.2915,31.4801,31.2723,31.3616,31.7841,31.0460,31.4481,31.1623,33.5700,34.0257,33.6411,33.6845,33.7204,33.2348,33.8026,33.9669,33.1186,33.9335,34.1669,34.4533,34.5796,34.4344,34.3173,34.2522,34.5464,35.0000,34.4065,34.2542,34.3159,34.1017,34.5282,33.5445,34.6880,33.9123,34.4381;
32.3558,32.5135,32.8828,32.5039,32.6111,32.3947,32.7765,32.7540,32.5639,32.4413,31.1055,31.8875,31.4107,31.5781,31.5153,31.5868,31.7626,31.2500,31.4933,31.4117,33.4196,33.6937,33.3376,33.5336,33.7075,33.1738,33.4145,33.7420,33.2031,33.7268,34.2030,33.9639,34.8269,33.9934,34.5375,34.5316,34.1097,34.4065,35.0000,34.7915,33.8265,33.9537,34.5988,33.9057,34.2999,33.9848,34.1541;
32.2675,32.4251,32.6743,32.3516,32.5227,32.2424,32.5680,32.6656,32.3554,32.3529,31.0773,31.8031,31.4463,31.5498,31.4308,31.5023,31.7343,31.2856,31.4650,31.4473,33.2111,33.4853,33.2493,33.4453,33.4990,33.0854,33.3261,33.5336,32.9946,33.6385,34.1147,34.1084,34.6746,33.9051,34.4491,34.3231,33.9575,34.2542,34.7915,35.0000,33.6742,33.7453,34.4465,33.6972,34.5083,34.1293,34.0657;
32.9977,32.7175,32.5937,33.0798,32.6846,32.6665,32.9139,32.6586,32.7480,32.8646,31.3695,31.5835,31.2695,31.7874,31.4784,31.6395,31.8436,31.2433,31.4635,31.3596,33.6917,33.6940,33.6057,33.8062,33.8422,33.2257,33.4709,34.0887,33.1103,33.7589,34.3975,34.5658,33.9996,34.6650,34.0286,34.0104,34.6589,34.3159,33.8265,33.6742,35.0000,34.4315,33.9432,34.1707,34.0039,34.3001,34.5506;
32.6994,32.8070,32.7209,32.8678,32.7933,32.5456,32.9896,32.6769,32.6107,32.5604,31.2272,31.3942,31.1142,31.4414,31.3261,31.6422,31.4130,31.2750,31.0068,31.2043,33.3320,33.7992,33.3005,33.4599,33.5352,33.5381,33.5199,33.7985,33.5402,33.6393,34.4465,33.9973,33.8653,34.6034,33.9998,34.2931,34.2010,34.1017,33.9537,33.7453,34.4315,35.0000,34.0171,34.1402,34.0529,34.3255,34.2453;
32.1638,32.3350,32.4816,32.4592,32.4359,32.2702,32.3752,32.4907,32.3273,32.2440,31.2068,31.5576,31.2322,31.5502,31.3418,31.3385,31.6519,30.9729,31.4486,31.2332,33.3275,33.6235,33.2250,33.6437,33.5337,33.1277,33.4004,33.7959,32.9004,33.6910,34.1890,34.0806,34.7162,33.9625,34.6570,34.7241,34.2433,34.5282,34.5988,34.4465,33.9432,34.0171,35.0000,33.8705,34.2858,34.0198,34.1351;
32.8038,32.4790,32.7439,32.4674,32.5434,32.6201,32.6740,32.6151,32.7874,32.6647,31.3851,32.1155,31.4729,32.0200,31.7288,32.0339,31.8295,31.5314,31.6433,31.7829,33.2014,33.1842,33.1244,33.3154,33.4893,32.7223,32.9049,33.5239,32.6804,33.2124,34.2559,33.7365,33.7325,34.0462,34.1055,34.1464,33.8823,33.5445,33.9057,33.6972,34.1707,34.1402,33.8705,35.0000,33.4379,34.0326,33.9266;
32.2719,32.3296,32.3715,32.3273,32.5850,32.0042,32.3954,32.4476,32.2587,32.3286,31.0164,31.5422,31.4306,31.4027,31.3065,31.3261,31.5961,31.1273,31.2601,31.3014,33.4106,33.9769,33.5984,33.6586,33.6138,33.2089,33.8178,33.8771,33.0699,33.8380,34.1820,34.4381,34.2677,34.3389,34.3324,34.1624,34.3451,34.6880,34.2999,34.5083,34.0039,34.0529,34.2858,33.4379,35.0000,33.9499,34.4533;
32.4031,32.5506,32.5631,32.7299,32.4391,32.5844,32.7016,32.4905,32.3363,32.2699,31.2497,31.4309,30.9020,31.5501,31.1138,31.5942,31.4232,31.2053,31.1734,31.1222,33.1221,33.3432,33.0433,33.2923,33.4100,33.1227,33.1201,33.4446,33.0043,33.4856,34.4711,34.1627,34.0204,34.2615,33.8059,34.0869,34.0117,33.9123,33.9848,34.1293,34.3001,34.3255,34.0198,34.0326,33.9499,35.0000,33.9035;
32.7648,32.8145,32.5689,32.8496,32.7816,32.4892,32.8891,32.6449,32.7811,32.8509,31.3421,31.9111,31.7189,31.8011,31.6035,31.6951,31.9658,31.4156,31.5858,31.5897,33.6141,33.7270,33.6448,33.8622,33.8174,33.0624,33.5679,34.0807,32.9241,33.7452,34.2753,34.6880,34.1219,34.4321,34.4780,34.3548,34.8918,34.4381,34.1541,34.0657,34.5506,34.2453,34.1351,33.9266,34.4533,33.9035,35.0000;
];
