SimGraph=[
15.7721,15.3260,12.4590,15.7721,15.5379,15.3260,15.0486,11.9697,12.4590,14.9833,15.5379,11.9334,12.4590,12.6047,12.6830,12.1704,12.4227,15.3260,12.7585,14.0205,11.9334,11.8944,15.3260,12.5103,12.6977,13.9550,13.6217,14.2787,15.3260,15.1389,12.3056,15.0486,15.2044,12.1063,12.2471,14.7491,15.0266,12.4227,12.4590,12.0692,12.7008,12.8148,12.5175,12.2109,15.5379,15.5379,12.1704,15.5379,15.2214,15.2384,15.5379,12.7008,13.6875,12.3727,15.2384,15.3260,12.9024,11.9334,12.7978,12.2109,12.7585,12.4590,13.2550,14.4110,15.5379,15.0486,14.0205,15.5379,15.2605,15.5379,15.0486,13.1143,12.6348,12.2471,14.6498,14.4547,12.9266,11.9341,12.1063,12.1063,13.6091,12.8155,12.2471,12.2109,14.6708,11.9208,12.4043,12.1939,12.6977,13.7098,13.6919,14.0040,12.7585,14.2787,15.0266,12.7222,14.9703,12.3467,15.5379,12.8155,12.2109;
15.3260,15.8095,12.5268,15.3260,15.6056,15.8095,15.5320,12.4531,12.5268,14.9529,15.6056,12.4169,12.5268,12.1586,12.2370,11.7244,12.4905,15.8095,12.8262,14.0882,12.4169,12.3778,15.8095,12.9938,12.6674,13.5006,13.1673,14.7622,15.8095,14.6928,12.2753,15.5320,15.1741,12.1740,12.7306,15.2326,15.5100,12.4905,12.5268,12.0389,12.6704,12.8826,12.0715,12.6943,15.6056,15.6056,11.7244,15.6056,15.2892,15.3062,15.6056,12.6704,13.7553,11.9266,15.3062,15.8095,13.3859,12.4169,12.8656,12.6943,12.8262,12.5268,13.3227,14.4788,15.6056,15.5320,14.0882,15.6056,15.3282,15.6056,15.5320,13.1820,12.7026,12.7306,14.2038,14.5225,12.9943,11.4880,12.1740,12.1740,13.6769,12.7851,12.7306,12.6943,15.1543,11.4747,12.4721,12.6773,12.6674,13.6794,14.1754,14.0717,12.8262,14.7622,15.5100,12.7899,15.4537,12.3163,15.6056,12.7851,12.6943;
12.4590,12.5268,15.6678,12.4590,12.7386,12.5268,12.2493,15.1785,15.6678,12.2787,12.7386,12.5919,15.6678,13.9496,13.8784,13.7782,13.0812,12.5268,15.3587,14.1324,12.5919,13.1630,12.5268,12.5603,12.9125,14.3717,14.0384,12.4302,12.5268,12.1681,12.5204,12.2493,12.2336,13.3749,15.4559,12.5584,12.8358,13.0812,15.6678,11.4825,12.1141,13.4733,12.7323,12.8693,12.7386,12.7386,13.7782,12.7386,13.0323,13.0477,12.7386,12.1141,14.6139,13.4212,13.0477,12.5268,12.9523,12.5919,13.4579,12.8693,15.3587,15.6678,14.3309,13.0561,12.7386,12.2493,14.1324,12.7386,12.4612,12.7386,12.2493,13.1642,12.5785,15.4559,13.4465,13.3478,14.5612,13.8891,13.3749,13.3749,14.6850,13.3776,15.4559,12.8693,12.8223,13.6149,15.0046,12.8539,12.9125,14.1223,13.3996,14.3202,15.3587,12.4302,12.8358,12.7721,12.5133,11.7599,12.7386,13.3776,12.8693;
15.7721,15.3260,12.4590,15.7721,15.5379,15.3260,15.0486,11.9697,12.4590,14.9833,15.5379,11.9334,12.4590,12.6047,12.6830,12.1704,12.4227,15.3260,12.7585,14.0205,11.9334,11.8944,15.3260,12.5103,12.6977,13.9550,13.6217,14.2787,15.3260,15.1389,12.3056,15.0486,15.2044,12.1063,12.2471,14.7491,15.0266,12.4227,12.4590,12.0692,12.7008,12.8148,12.5175,12.2109,15.5379,15.5379,12.1704,15.5379,15.2214,15.2384,15.5379,12.7008,13.6875,12.3727,15.2384,15.3260,12.9024,11.9334,12.7978,12.2109,12.7585,12.4590,13.2550,14.4110,15.5379,15.0486,14.0205,15.5379,15.2605,15.5379,15.0486,13.1143,12.6348,12.2471,14.6498,14.4547,12.9266,11.9341,12.1063,12.1063,13.6091,12.8155,12.2471,12.2109,14.6708,11.9208,12.4043,12.1939,12.6977,13.7098,13.6919,14.0040,12.7585,14.2787,15.0266,12.7222,14.9703,12.3467,15.5379,12.8155,12.2109;
15.5379,15.6056,12.7386,15.5379,15.8175,15.6056,15.3282,12.2493,12.7386,14.7491,15.8175,12.2131,12.7386,12.3705,12.4489,11.9363,12.7024,15.6056,13.0381,14.3001,12.2131,12.1740,15.6056,12.7899,12.4636,13.7167,13.3834,14.5583,15.6056,14.9047,12.0715,15.3282,14.9703,12.3859,12.5268,15.0288,15.3062,12.7024,12.7386,11.8351,12.4666,13.0945,12.2833,12.4905,15.8175,15.8175,11.9363,15.8175,15.5011,15.5181,15.8175,12.4666,13.9671,12.1385,15.5181,15.6056,13.1820,12.2131,13.0775,12.4905,13.0381,12.7386,13.5346,14.6907,15.8175,15.3282,14.3001,15.8175,15.5401,15.8175,15.3282,13.3939,12.9145,12.5268,14.4156,14.7344,13.2062,11.6999,12.3859,12.3859,13.8888,12.5813,12.5268,12.4905,14.9504,11.6866,12.6840,12.4735,12.4636,13.4756,13.9716,14.2836,13.0381,14.5583,15.3062,13.0018,15.2499,12.1125,15.8175,12.5813,12.4905;
15.3260,15.8095,12.5268,15.3260,15.6056,15.8095,15.5320,12.4531,12.5268,14.9529,15.6056,12.4169,12.5268,12.1586,12.2370,11.7244,12.4905,15.8095,12.8262,14.0882,12.4169,12.3778,15.8095,12.9938,12.6674,13.5006,13.1673,14.7622,15.8095,14.6928,12.2753,15.5320,15.1741,12.1740,12.7306,15.2326,15.5100,12.4905,12.5268,12.0389,12.6704,12.8826,12.0715,12.6943,15.6056,15.6056,11.7244,15.6056,15.2892,15.3062,15.6056,12.6704,13.7553,11.9266,15.3062,15.8095,13.3859,12.4169,12.8656,12.6943,12.8262,12.5268,13.3227,14.4788,15.6056,15.5320,14.0882,15.6056,15.3282,15.6056,15.5320,13.1820,12.7026,12.7306,14.2038,14.5225,12.9943,11.4880,12.1740,12.1740,13.6769,12.7851,12.7306,12.6943,15.1543,11.4747,12.4721,12.6773,12.6674,13.6794,14.1754,14.0717,12.8262,14.7622,15.5100,12.7899,15.4537,12.3163,15.6056,12.7851,12.6943;
15.0486,15.5320,12.2493,15.0486,15.3282,15.5320,15.6983,12.6195,12.2493,15.1193,15.3282,12.5832,12.2493,11.8812,11.9596,11.4470,12.2131,15.5320,12.5488,13.8108,12.5832,12.1004,15.5320,12.7163,12.3899,13.2190,12.8857,14.4847,15.5320,14.8592,11.9978,15.6983,14.8967,11.8966,12.4531,15.3989,15.2326,12.2131,12.2493,12.2052,12.3930,12.6052,11.7940,12.4169,15.3282,15.3282,11.4470,15.3282,15.0118,15.0288,15.3282,12.3930,13.4778,11.6492,15.0288,15.5320,13.1084,12.5832,12.5882,12.4169,12.5488,12.2493,13.0453,14.2014,15.3282,15.6983,13.8108,15.3282,15.4945,15.3282,15.6983,12.9046,12.4251,12.4531,13.9263,14.2450,12.7169,11.2106,11.8966,11.8966,13.3995,12.5077,12.4531,12.4169,14.8768,11.1973,12.1946,12.3999,12.3899,13.4020,13.8979,13.7943,12.5488,14.4847,15.2326,12.5125,15.1763,12.0389,15.3282,12.5077,12.4169;
11.9697,12.4531,15.1785,11.9697,12.2493,12.4531,12.6195,15.5486,15.1785,12.6489,12.2493,12.9620,15.1785,13.4603,13.3891,13.2889,12.5919,12.4531,14.8694,13.6431,12.9620,13.0894,12.4531,12.4866,12.8389,13.8741,13.5408,12.3566,12.4531,12.1225,12.4468,12.6195,12.1600,12.8855,15.3823,12.9285,12.7622,12.5919,15.1785,11.8527,12.0405,12.9840,12.2430,12.7957,12.2493,12.2493,13.2889,12.2493,12.5430,12.5584,12.2493,12.0405,14.1245,12.9319,12.5584,12.4531,12.8787,12.9620,12.9686,12.7957,14.8694,15.1785,13.8415,12.5668,12.2493,12.6195,13.6431,12.2493,12.4156,12.2493,12.6195,12.6749,12.0892,15.3823,12.9572,12.8585,14.0719,13.3998,12.8855,12.8855,14.1957,13.3039,15.3823,12.7957,12.7487,13.1256,14.5153,12.7803,12.8389,14.0487,13.3260,13.8309,14.8694,12.3566,12.7622,12.2828,12.4396,11.6863,12.2493,13.3039,12.7957;
12.4590,12.5268,15.6678,12.4590,12.7386,12.5268,12.2493,15.1785,15.6678,12.2787,12.7386,12.5919,15.6678,13.9496,13.8784,13.7782,13.0812,12.5268,15.3587,14.1324,12.5919,13.1630,12.5268,12.5603,12.9125,14.3717,14.0384,12.4302,12.5268,12.1681,12.5204,12.2493,12.2336,13.3749,15.4559,12.5584,12.8358,13.0812,15.6678,11.4825,12.1141,13.4733,12.7323,12.8693,12.7386,12.7386,13.7782,12.7386,13.0323,13.0477,12.7386,12.1141,14.6139,13.4212,13.0477,12.5268,12.9523,12.5919,13.4579,12.8693,15.3587,15.6678,14.3309,13.0561,12.7386,12.2493,14.1324,12.7386,12.4612,12.7386,12.2493,13.1642,12.5785,15.4559,13.4465,13.3478,14.5612,13.8891,13.3749,13.3749,14.6850,13.3776,15.4559,12.8693,12.8223,13.6149,15.0046,12.8539,12.9125,14.1223,13.3996,14.3202,15.3587,12.4302,12.8358,12.7721,12.5133,11.7599,12.7386,13.3776,12.8693;
14.9833,14.9529,12.2787,14.9833,14.7491,14.9529,15.1193,12.6489,12.2787,15.6625,14.7491,12.6126,12.2787,12.4244,12.5028,11.9902,12.2425,14.9529,11.9697,13.2317,12.6126,12.1298,14.9529,12.1372,12.9332,13.7706,13.4373,14.5141,14.9529,14.7939,12.5411,15.1193,14.8314,11.9260,12.4826,15.4283,15.2620,12.2425,12.2787,12.7484,12.9362,12.6346,12.3372,12.4463,14.7491,14.7491,11.9902,14.7491,14.4327,15.0582,14.7491,12.9362,13.5072,11.5839,15.0582,14.9529,12.5293,12.6126,12.0091,12.4463,11.9697,12.2787,13.0747,13.6223,14.7491,15.1193,13.2317,14.7491,14.9154,14.7491,15.1193,12.3255,12.4546,12.4826,13.8610,13.6660,12.7463,11.7538,11.9260,11.9260,13.4289,13.0509,12.4826,12.4463,14.9062,11.7405,11.6156,11.8208,12.9332,13.9452,13.3189,13.8237,11.9697,14.5141,15.2620,11.9334,14.5972,12.5821,14.7491,13.0509,12.4463;
15.5379,15.6056,12.7386,15.5379,15.8175,15.6056,15.3282,12.2493,12.7386,14.7491,15.8175,12.2131,12.7386,12.3705,12.4489,11.9363,12.7024,15.6056,13.0381,14.3001,12.2131,12.1740,15.6056,12.7899,12.4636,13.7167,13.3834,14.5583,15.6056,14.9047,12.0715,15.3282,14.9703,12.3859,12.5268,15.0288,15.3062,12.7024,12.7386,11.8351,12.4666,13.0945,12.2833,12.4905,15.8175,15.8175,11.9363,15.8175,15.5011,15.5181,15.8175,12.4666,13.9671,12.1385,15.5181,15.6056,13.1820,12.2131,13.0775,12.4905,13.0381,12.7386,13.5346,14.6907,15.8175,15.3282,14.3001,15.8175,15.5401,15.8175,15.3282,13.3939,12.9145,12.5268,14.4156,14.7344,13.2062,11.6999,12.3859,12.3859,13.8888,12.5813,12.5268,12.4905,14.9504,11.6866,12.6840,12.4735,12.4636,13.4756,13.9716,14.2836,13.0381,14.5583,15.3062,13.0018,15.2499,12.1125,15.8175,12.5813,12.4905;
11.9334,12.4169,12.5919,11.9334,12.2131,12.4169,12.5832,12.9620,12.5919,12.6126,12.2131,15.5927,12.5919,13.0071,12.7432,12.6957,15.2226,12.4169,12.2828,11.8393,15.5927,15.1099,12.4169,15.1173,13.6387,13.2193,12.8860,13.4032,12.4169,12.4365,13.9792,12.5832,12.4740,14.9061,12.7957,12.8922,12.7259,15.2226,12.5919,13.3851,13.5729,14.8821,13.7754,15.4264,12.2131,12.2131,12.6957,12.2131,11.8966,12.5221,12.2131,13.5729,13.4781,12.1851,12.5221,12.4169,14.7769,15.5927,14.2566,15.4264,12.2828,12.5919,13.3879,12.7038,12.2131,12.5832,11.8393,12.2131,12.3794,12.2131,12.5832,14.5730,12.7353,12.7957,11.1534,11.8224,12.2252,12.3365,14.9061,14.9061,13.7420,13.6336,12.7957,15.4264,13.0627,12.3656,11.9287,14.8009,13.6387,13.4023,14.0731,13.7946,12.2828,13.4032,12.7259,14.9135,12.7537,13.2188,12.2131,13.6336,15.4264;
12.4590,12.5268,15.6678,12.4590,12.7386,12.5268,12.2493,15.1785,15.6678,12.2787,12.7386,12.5919,15.6678,13.9496,13.8784,13.7782,13.0812,12.5268,15.3587,14.1324,12.5919,13.1630,12.5268,12.5603,12.9125,14.3717,14.0384,12.4302,12.5268,12.1681,12.5204,12.2493,12.2336,13.3749,15.4559,12.5584,12.8358,13.0812,15.6678,11.4825,12.1141,13.4733,12.7323,12.8693,12.7386,12.7386,13.7782,12.7386,13.0323,13.0477,12.7386,12.1141,14.6139,13.4212,13.0477,12.5268,12.9523,12.5919,13.4579,12.8693,15.3587,15.6678,14.3309,13.0561,12.7386,12.2493,14.1324,12.7386,12.4612,12.7386,12.2493,13.1642,12.5785,15.4559,13.4465,13.3478,14.5612,13.8891,13.3749,13.3749,14.6850,13.3776,15.4559,12.8693,12.8223,13.6149,15.0046,12.8539,12.9125,14.1223,13.3996,14.3202,15.3587,12.4302,12.8358,12.7721,12.5133,11.7599,12.7386,13.3776,12.8693;
12.6047,12.1586,13.9496,12.6047,12.3705,12.1586,11.8812,13.4603,13.9496,12.4244,12.3705,13.0071,13.9496,15.6348,14.9535,14.8532,13.4964,12.1586,13.6405,12.4142,13.0071,12.9681,12.1586,12.9755,14.5977,13.9031,13.5698,12.0621,12.1586,12.3137,14.2056,11.8812,12.3793,13.1800,13.7377,12.1902,12.4677,13.4964,13.9496,13.1677,13.7993,13.8885,14.4175,13.2845,12.3705,12.3705,14.8532,12.3705,12.0540,12.6795,12.3705,13.7993,13.6356,14.4963,12.6795,12.1586,13.3676,13.0071,13.2630,13.2845,13.6405,13.9496,13.9627,12.8612,12.3705,11.8812,12.4142,12.3705,12.0931,12.3705,11.8812,13.5795,13.7499,13.7377,12.2421,11.6296,13.5830,14.9642,13.1800,13.1800,14.3169,15.0627,13.7377,13.2845,12.4541,14.6900,13.2864,12.6590,14.5977,13.6579,13.8149,13.9520,13.6405,12.0621,12.4677,13.1874,12.1451,13.4451,12.3705,15.0627,13.2845;
12.6830,12.2370,13.8784,12.6830,12.4489,12.2370,11.9596,13.3891,13.8784,12.5028,12.4489,12.7432,13.8784,14.9535,15.6420,15.1294,13.2325,12.2370,13.5694,12.3430,12.7432,13.3143,12.2370,12.7116,14.2637,14.5999,14.2666,11.7982,12.2370,12.0499,13.8716,11.9596,12.1154,13.5262,13.6666,12.2686,12.5460,13.2325,13.8784,12.8337,13.4653,13.6246,14.0835,13.0207,12.4489,12.4489,15.1294,12.4489,12.7425,12.7579,12.4489,13.4653,14.3241,14.7231,12.7579,12.2370,13.1037,12.7432,13.6093,13.0207,13.5694,13.8784,13.2814,13.5497,12.4489,11.9596,12.3430,12.4489,12.1714,12.4489,11.9596,13.3156,13.3666,13.6666,12.1709,11.9758,13.5118,14.8930,13.5262,13.5262,13.6356,14.3814,13.6666,13.0207,12.1903,14.8798,13.2152,13.0053,14.2637,14.3464,13.8932,14.0304,13.5694,11.7982,12.5460,12.9235,11.8812,13.1112,12.4489,14.3814,13.0207;
12.1704,11.7244,13.7782,12.1704,11.9363,11.7244,11.4470,13.2889,13.7782,11.9902,11.9363,12.6957,13.7782,14.8532,15.1294,15.5253,13.1850,11.7244,13.4692,12.2428,12.6957,13.2668,11.7244,12.6641,14.6596,14.0832,13.7498,11.7507,11.7244,12.0024,14.2675,11.4470,12.0679,13.4787,13.5663,11.7560,12.0334,13.1850,13.7782,13.2297,13.8612,13.5771,14.4794,12.9732,11.9363,11.9363,15.5253,11.9363,12.2299,12.2453,11.9363,13.8612,13.8115,14.7840,12.2453,11.7244,13.0562,12.6957,13.5618,12.9732,13.4692,13.7782,13.1812,13.0371,11.9363,11.4470,12.2428,11.9363,11.6588,11.9363,11.4470,13.2681,13.4274,13.5663,12.0707,11.9283,13.4116,14.7928,13.4787,13.4787,13.5353,14.2812,13.5663,12.9732,12.1428,15.0104,13.1150,12.9578,14.6596,13.8338,13.3806,13.5178,13.4692,11.7507,12.0334,12.8760,11.8337,13.5071,11.9363,14.2812,12.9732;
12.4227,12.4905,13.0812,12.4227,12.7024,12.4905,12.2131,12.5919,13.0812,12.2425,12.7024,15.2226,13.0812,13.4964,13.2325,13.1850,15.7119,12.4905,12.7721,12.3286,15.2226,15.1835,12.4905,15.1910,13.7123,13.7170,13.3837,13.4768,12.4905,12.4821,14.0528,12.2131,12.5476,15.3954,12.8693,12.5221,12.7995,15.7119,13.0812,13.0150,13.6465,15.3714,14.2647,15.5000,12.7024,12.7024,13.1850,12.7024,12.3859,13.0114,12.7024,13.6465,13.9674,12.6744,13.0114,12.4905,14.8505,15.2226,14.7459,15.5000,12.7721,13.0812,13.8772,13.1931,12.7024,12.2131,12.3286,12.7024,12.4249,12.7024,12.2131,15.0623,13.2246,12.8693,11.6427,12.3117,12.7146,12.8258,15.3954,15.3954,14.2313,13.7072,12.8693,15.5000,13.1363,12.8550,12.4180,14.8745,13.7123,13.4759,14.1467,14.2839,12.7721,13.4768,12.7995,15.4028,12.8273,13.2924,12.7024,13.7072,15.5000;
15.3260,15.8095,12.5268,15.3260,15.6056,15.8095,15.5320,12.4531,12.5268,14.9529,15.6056,12.4169,12.5268,12.1586,12.2370,11.7244,12.4905,15.8095,12.8262,14.0882,12.4169,12.3778,15.8095,12.9938,12.6674,13.5006,13.1673,14.7622,15.8095,14.6928,12.2753,15.5320,15.1741,12.1740,12.7306,15.2326,15.5100,12.4905,12.5268,12.0389,12.6704,12.8826,12.0715,12.6943,15.6056,15.6056,11.7244,15.6056,15.2892,15.3062,15.6056,12.6704,13.7553,11.9266,15.3062,15.8095,13.3859,12.4169,12.8656,12.6943,12.8262,12.5268,13.3227,14.4788,15.6056,15.5320,14.0882,15.6056,15.3282,15.6056,15.5320,13.1820,12.7026,12.7306,14.2038,14.5225,12.9943,11.4880,12.1740,12.1740,13.6769,12.7851,12.7306,12.6943,15.1543,11.4747,12.4721,12.6773,12.6674,13.6794,14.1754,14.0717,12.8262,14.7622,15.5100,12.7899,15.4537,12.3163,15.6056,12.7851,12.6943;
12.7585,12.8262,15.3587,12.7585,13.0381,12.8262,12.5488,14.8694,15.3587,11.9697,13.0381,12.2828,15.3587,13.6405,13.5694,13.4692,12.7721,12.8262,15.6582,14.4319,12.2828,12.8539,12.8262,12.8597,12.6034,14.0585,13.7252,12.1212,12.8262,12.4675,12.2113,12.5488,12.5331,13.0658,15.1469,12.2493,12.5268,12.7721,15.3587,11.1735,11.8051,13.1642,12.4232,12.5603,13.0381,13.0381,13.4692,13.0381,13.3318,12.7386,13.0381,11.8051,14.3048,13.7207,12.7386,12.8262,13.2518,12.2828,13.7574,12.5603,15.6582,15.3587,14.0218,13.3556,13.0381,12.5488,14.4319,13.0381,12.7607,13.0381,12.5488,13.4637,12.2694,15.1469,13.7459,13.6472,14.2522,13.5801,13.0658,13.0658,14.3760,13.0685,15.1469,12.5603,12.5133,13.3059,15.3041,13.1534,12.6034,13.8133,13.6991,14.0111,15.6582,12.1212,12.5268,13.0716,12.8127,11.4509,13.0381,13.0685,12.5603;
14.0205,14.0882,14.1324,14.0205,14.3001,14.0882,13.8108,13.6431,14.1324,13.2317,14.3001,11.8393,14.1324,12.4142,12.3430,12.2428,12.3286,14.0882,14.4319,15.6939,11.8393,12.4104,14.0882,12.4162,12.1599,13.6109,13.2775,13.3832,14.0882,13.7295,11.7678,13.8108,13.7951,12.6223,13.9205,13.5113,13.7888,12.3286,14.1324,10.7300,11.3616,12.7207,11.9797,12.1168,14.3001,14.3001,12.2428,14.3001,14.5938,14.0006,14.3001,11.3616,13.8613,12.4943,14.0006,14.0882,12.8083,11.8393,13.3139,12.1168,14.4319,14.1324,13.5783,13.7834,14.3001,13.8108,15.6939,14.3001,14.0227,14.3001,13.8108,13.0202,12.6601,13.9205,15.0079,14.9092,13.8601,12.3537,12.6223,12.6223,13.9325,12.6250,13.9205,12.1168,13.7752,12.0795,14.0777,12.7099,12.1599,13.3698,13.2556,13.5676,14.4319,13.3832,13.7888,12.6281,14.0747,11.0074,14.3001,12.6250,12.1168;
11.9334,12.4169,12.5919,11.9334,12.2131,12.4169,12.5832,12.9620,12.5919,12.6126,12.2131,15.5927,12.5919,13.0071,12.7432,12.6957,15.2226,12.4169,12.2828,11.8393,15.5927,15.1099,12.4169,15.1173,13.6387,13.2193,12.8860,13.4032,12.4169,12.4365,13.9792,12.5832,12.4740,14.9061,12.7957,12.8922,12.7259,15.2226,12.5919,13.3851,13.5729,14.8821,13.7754,15.4264,12.2131,12.2131,12.6957,12.2131,11.8966,12.5221,12.2131,13.5729,13.4781,12.1851,12.5221,12.4169,14.7769,15.5927,14.2566,15.4264,12.2828,12.5919,13.3879,12.7038,12.2131,12.5832,11.8393,12.2131,12.3794,12.2131,12.5832,14.5730,12.7353,12.7957,11.1534,11.8224,12.2252,12.3365,14.9061,14.9061,13.7420,13.6336,12.7957,15.4264,13.0627,12.3656,11.9287,14.8009,13.6387,13.4023,14.0731,13.7946,12.2828,13.4032,12.7259,14.9135,12.7537,13.2188,12.2131,13.6336,15.4264;
11.8944,12.3778,13.1630,11.8944,12.1740,12.3778,12.1004,13.0894,13.1630,12.1298,12.1740,15.1099,13.1630,12.9681,13.3143,13.2668,15.1835,12.3778,12.8539,12.4104,15.1099,15.6810,12.3778,15.0783,13.5997,13.7988,13.4655,13.3641,12.3778,11.9537,13.9402,12.1004,12.4350,15.4772,13.3668,12.4095,12.6869,15.1835,13.1630,12.9023,13.5339,14.8430,13.7364,15.3873,12.1740,12.1740,13.2668,12.1740,12.4677,12.4831,12.1740,13.5339,14.0492,12.7562,12.4831,12.3778,14.7378,15.1099,14.8277,15.3873,12.8539,13.1630,13.3488,13.2749,12.1740,12.1004,12.4104,12.1740,11.8966,12.1740,12.1004,14.5340,12.6963,13.3668,11.7245,12.3935,12.7964,12.9076,15.4772,15.4772,13.7030,13.5946,13.3668,15.3873,13.0237,12.9368,12.4998,15.3720,13.5997,13.9734,14.0341,13.7556,12.8539,13.3641,12.6869,14.8745,12.7146,13.1797,12.1740,13.5946,15.3873;
15.3260,15.8095,12.5268,15.3260,15.6056,15.8095,15.5320,12.4531,12.5268,14.9529,15.6056,12.4169,12.5268,12.1586,12.2370,11.7244,12.4905,15.8095,12.8262,14.0882,12.4169,12.3778,15.8095,12.9938,12.6674,13.5006,13.1673,14.7622,15.8095,14.6928,12.2753,15.5320,15.1741,12.1740,12.7306,15.2326,15.5100,12.4905,12.5268,12.0389,12.6704,12.8826,12.0715,12.6943,15.6056,15.6056,11.7244,15.6056,15.2892,15.3062,15.6056,12.6704,13.7553,11.9266,15.3062,15.8095,13.3859,12.4169,12.8656,12.6943,12.8262,12.5268,13.3227,14.4788,15.6056,15.5320,14.0882,15.6056,15.3282,15.6056,15.5320,13.1820,12.7026,12.7306,14.2038,14.5225,12.9943,11.4880,12.1740,12.1740,13.6769,12.7851,12.7306,12.6943,15.1543,11.4747,12.4721,12.6773,12.6674,13.6794,14.1754,14.0717,12.8262,14.7622,15.5100,12.7899,15.4537,12.3163,15.6056,12.7851,12.6943;
12.5103,12.9938,12.5603,12.5103,12.7899,12.9938,12.7163,12.4866,12.5603,12.1372,12.7899,15.1173,12.5603,12.9755,12.7116,12.6641,15.1910,12.9938,12.8597,12.4162,15.1173,15.0783,12.9938,15.6942,13.6071,13.1877,12.8544,13.3716,12.9938,12.5697,13.9476,12.7163,13.0509,14.8745,12.7641,12.4169,12.6943,15.1910,12.5603,12.9097,13.5413,14.8505,13.7438,15.3948,12.7899,12.7899,12.6641,12.7899,12.4735,12.4905,12.7899,13.5413,13.4465,12.7620,12.4905,12.9938,15.3537,15.1173,14.8335,15.3948,12.8597,12.5603,13.3562,13.2807,12.7899,12.7163,12.4162,12.7899,12.5125,12.7899,12.7163,15.1499,12.7037,12.7641,11.7303,12.3993,12.1936,12.3049,14.8745,14.8745,13.7104,13.6020,12.7641,15.3948,13.0311,12.3340,12.5056,15.3778,13.6071,13.3707,14.6500,13.7630,12.8597,13.3716,12.6943,15.4904,13.3305,13.1872,12.7899,13.6020,15.3948;
12.6977,12.6674,12.9125,12.6977,12.4636,12.6674,12.3899,12.8389,12.9125,12.9332,12.4636,13.6387,12.9125,14.5977,14.2637,14.6596,13.7123,12.6674,12.6034,12.1599,13.6387,13.5997,12.6674,13.6071,15.6026,13.9961,13.6628,12.6937,12.6674,12.5297,15.2105,12.3899,13.0109,13.3959,13.1163,12.6990,12.9764,13.7123,12.9125,14.1726,14.8042,14.1044,15.0067,13.9162,12.4636,12.4636,14.6596,12.4636,12.1471,12.7726,12.4636,14.8042,13.7286,13.9183,12.7726,12.6674,13.9992,13.6387,13.4789,13.9162,12.6034,12.9125,13.7085,12.9543,12.4636,12.3899,12.1599,12.4636,12.1861,12.4636,12.3899,13.7954,13.9547,13.1163,11.9878,11.8455,12.5459,13.9271,13.3959,13.3959,14.0626,15.2242,13.1163,13.9162,13.0858,14.1447,12.2493,13.2906,15.6026,14.1666,14.3236,14.0451,12.6034,12.6937,12.9764,13.4033,12.7767,14.4501,12.4636,15.2242,13.9162;
13.9550,13.5006,14.3717,13.9550,13.7167,13.5006,13.2190,13.8741,14.3717,13.7706,13.7167,13.2193,14.3717,13.9031,14.5999,14.0832,13.7170,13.5006,14.0585,13.6109,13.2193,13.7988,13.5006,13.1877,13.9961,15.9636,15.6303,13.0577,13.5006,13.3135,13.5999,13.2190,13.3791,14.0148,14.1557,13.5322,13.8138,13.7170,14.3717,12.5745,13.1894,14.1132,13.8159,13.5009,13.7167,13.7167,14.0832,13.7167,14.0145,14.0299,13.7167,13.1894,15.6127,13.6727,14.0299,13.5006,13.5840,13.2193,14.0979,13.5009,14.0585,14.3717,14.5826,14.0383,13.7167,13.2190,13.6109,13.7167,13.4351,13.7167,13.2190,13.8000,13.1157,14.1557,13.4387,13.2395,14.0259,13.8676,14.0148,14.0148,14.9159,14.1139,14.1557,13.5009,13.4539,13.8335,13.7252,13.4856,13.9961,15.6350,14.3818,15.3149,14.0585,13.0577,13.8138,13.4038,13.1407,12.8561,13.7167,14.1139,13.5009;
13.6217,13.1673,14.0384,13.6217,13.3834,13.1673,12.8857,13.5408,14.0384,13.4373,13.3834,12.8860,14.0384,13.5698,14.2666,13.7498,13.3837,13.1673,13.7252,13.2775,12.8860,13.4655,13.1673,12.8544,13.6628,15.6303,15.7846,12.7243,13.1673,12.9802,13.2666,12.8857,13.0457,13.6815,13.8224,13.1989,13.4805,13.3837,14.0384,12.7289,12.8561,13.7799,13.4826,13.1676,13.3834,13.3834,13.7498,13.3834,13.6812,13.6966,13.3834,12.8561,15.2794,13.3394,13.6966,13.1673,13.2507,12.8860,13.7646,13.1676,13.7252,14.0384,14.7369,13.7050,13.3834,12.8857,13.2775,13.3834,13.1018,13.3834,12.8857,13.4667,13.2700,13.8224,13.1054,12.9062,14.1803,14.0220,13.6815,13.6815,14.5826,13.7806,13.8224,13.1676,13.1206,13.5002,13.8796,13.1523,13.6628,15.3017,14.0485,14.9816,13.7252,12.7243,13.4805,13.0705,12.8074,13.0105,13.3834,13.7806,13.1676;
14.2787,14.7622,12.4302,14.2787,14.5583,14.7622,14.4847,12.3566,12.4302,14.5141,14.5583,13.4032,12.4302,12.0621,11.7982,11.7507,13.4768,14.7622,12.1212,13.3832,13.4032,13.3641,14.7622,13.3716,12.6937,13.0577,12.7243,15.7485,14.7622,14.3381,13.0342,14.4847,14.8193,13.1603,12.6340,14.7938,15.0712,13.4768,12.4302,12.7978,13.4293,13.1363,12.8303,13.6806,14.5583,14.5583,11.7507,14.5583,14.2419,14.8674,14.5583,13.4293,13.3165,11.2400,14.8674,14.7622,13.0311,13.4032,12.5108,13.6806,12.1212,12.4302,13.2262,13.4315,14.5583,14.4847,13.3832,14.5583,14.2809,14.5583,14.4847,12.8273,12.6245,12.6340,13.4987,14.1677,12.8978,11.3914,13.1603,13.1603,13.5803,12.6886,12.6340,13.6806,15.4080,11.4206,11.7670,13.0551,12.6937,13.2406,13.1281,13.6329,12.1212,15.7485,15.0712,13.1678,15.0989,13.0752,14.5583,12.6886,13.6806;
15.3260,15.8095,12.5268,15.3260,15.6056,15.8095,15.5320,12.4531,12.5268,14.9529,15.6056,12.4169,12.5268,12.1586,12.2370,11.7244,12.4905,15.8095,12.8262,14.0882,12.4169,12.3778,15.8095,12.9938,12.6674,13.5006,13.1673,14.7622,15.8095,14.6928,12.2753,15.5320,15.1741,12.1740,12.7306,15.2326,15.5100,12.4905,12.5268,12.0389,12.6704,12.8826,12.0715,12.6943,15.6056,15.6056,11.7244,15.6056,15.2892,15.3062,15.6056,12.6704,13.7553,11.9266,15.3062,15.8095,13.3859,12.4169,12.8656,12.6943,12.8262,12.5268,13.3227,14.4788,15.6056,15.5320,14.0882,15.6056,15.3282,15.6056,15.5320,13.1820,12.7026,12.7306,14.2038,14.5225,12.9943,11.4880,12.1740,12.1740,13.6769,12.7851,12.7306,12.6943,15.1543,11.4747,12.4721,12.6773,12.6674,13.6794,14.1754,14.0717,12.8262,14.7622,15.5100,12.7899,15.4537,12.3163,15.6056,12.7851,12.6943;
15.1389,14.6928,12.1681,15.1389,14.9047,14.6928,14.8592,12.1225,12.1681,14.7939,14.9047,12.4365,12.1681,12.3137,12.0499,12.0024,12.4821,14.6928,12.4675,13.7295,12.4365,11.9537,14.6928,12.5697,12.5297,13.3135,12.9802,14.3381,14.6928,15.6420,12.1376,14.8592,15.2638,12.1656,11.9562,14.5597,14.3934,12.4821,12.1681,12.3449,12.5327,12.8742,12.3494,12.2702,14.9047,14.9047,12.0024,14.9047,14.5883,14.6053,14.9047,12.5327,13.0543,12.1002,14.6053,14.6928,12.9618,12.4365,12.8572,12.2702,12.4675,12.1681,12.9641,13.7779,14.9047,14.8592,13.7295,14.9047,15.0710,14.9047,14.8592,13.1737,12.3624,11.9562,14.3589,14.5141,12.6357,11.6431,12.1656,12.1656,13.3182,12.5246,11.9562,12.2702,14.7302,11.6723,12.1134,12.2532,12.5297,13.0766,13.0588,13.3708,12.4675,14.3381,14.3934,12.7816,15.0296,12.1786,14.9047,12.5246,12.2702;
12.3056,12.2753,12.5204,12.3056,12.0715,12.2753,11.9978,12.4468,12.5204,12.5411,12.0715,13.9792,12.5204,14.2056,13.8716,14.2675,14.0528,12.2753,12.2113,11.7678,13.9792,13.9402,12.2753,13.9476,15.2105,13.5999,13.2666,13.0342,12.2753,12.1376,15.5510,11.9978,12.6188,13.7364,12.7242,12.3069,12.5843,14.0528,12.5204,14.5131,15.1447,13.7123,15.3472,14.2566,12.0715,12.0715,14.2675,12.0715,11.7550,12.3805,12.0715,15.1447,13.3365,13.5262,12.3805,12.2753,13.6071,13.9792,13.0868,14.2566,12.2113,12.5204,13.3164,12.5622,12.0715,11.9978,11.7678,12.0715,11.7940,12.0715,11.9978,13.4033,13.5626,12.7242,11.5957,11.4534,12.1538,13.5350,13.7364,13.7364,13.6705,14.8321,12.7242,14.2566,12.6937,13.7526,11.8572,13.6311,15.2105,13.7745,13.9315,13.6530,12.2113,13.0342,12.5843,13.7438,12.3846,14.7906,12.0715,14.8321,14.2566;
15.0486,15.5320,12.2493,15.0486,15.3282,15.5320,15.6983,12.6195,12.2493,15.1193,15.3282,12.5832,12.2493,11.8812,11.9596,11.4470,12.2131,15.5320,12.5488,13.8108,12.5832,12.1004,15.5320,12.7163,12.3899,13.2190,12.8857,14.4847,15.5320,14.8592,11.9978,15.6983,14.8967,11.8966,12.4531,15.3989,15.2326,12.2131,12.2493,12.2052,12.3930,12.6052,11.7940,12.4169,15.3282,15.3282,11.4470,15.3282,15.0118,15.0288,15.3282,12.3930,13.4778,11.6492,15.0288,15.5320,13.1084,12.5832,12.5882,12.4169,12.5488,12.2493,13.0453,14.2014,15.3282,15.6983,13.8108,15.3282,15.4945,15.3282,15.6983,12.9046,12.4251,12.4531,13.9263,14.2450,12.7169,11.2106,11.8966,11.8966,13.3995,12.5077,12.4531,12.4169,14.8768,11.1973,12.1946,12.3999,12.3899,13.4020,13.8979,13.7943,12.5488,14.4847,15.2326,12.5125,15.1763,12.0389,15.3282,12.5077,12.4169;
15.2044,15.1741,12.2336,15.2044,14.9703,15.1741,14.8967,12.1600,12.2336,14.8314,14.9703,12.4740,12.2336,12.3793,12.1154,12.0679,12.5476,15.1741,12.5331,13.7951,12.4740,12.4350,15.1741,13.0509,13.0109,13.3791,13.0457,14.8193,15.1741,15.2638,12.6188,14.8967,15.7450,12.2312,12.4374,14.5972,14.8746,12.5476,12.2336,12.3824,13.0140,12.9397,12.4150,12.7514,14.9703,14.9703,12.0679,14.9703,14.6538,14.6708,14.9703,13.0140,13.1199,12.1657,14.6708,15.1741,13.4430,12.4740,12.9227,12.7514,12.5331,12.2336,13.0296,13.8434,14.9703,14.8967,13.7951,14.9703,14.6928,14.9703,14.8967,13.2392,12.4279,12.4374,14.4244,14.5796,12.7012,11.7087,12.2312,12.2312,13.3838,13.0058,12.4374,12.7514,15.2114,11.7378,12.1789,12.7344,13.0109,13.5579,13.5400,13.4363,12.5331,14.8193,14.8746,12.8471,15.5109,12.6598,14.9703,13.0058,12.7514;
12.1063,12.1740,13.3749,12.1063,12.3859,12.1740,11.8966,12.8855,13.3749,11.9260,12.3859,14.9061,13.3749,13.1800,13.5262,13.4787,15.3954,12.1740,13.0658,12.6223,14.9061,15.4772,12.1740,14.8745,13.3959,14.0148,13.6815,13.1603,12.1740,12.1656,13.7364,11.8966,12.2312,15.6891,13.1630,12.2056,12.4831,15.3954,13.3749,12.6985,13.3301,15.0549,13.9483,15.1835,12.3859,12.3859,13.4787,12.3859,12.6796,12.6949,12.3859,13.3301,14.2611,12.9681,12.6949,12.1740,14.5340,14.9061,15.0396,15.1835,13.0658,13.3749,13.5607,13.4868,12.3859,11.8966,12.6223,12.3859,12.1085,12.3859,11.8966,14.7459,12.9082,13.1630,11.9364,12.6054,13.0082,13.1195,15.6891,15.6891,13.9149,13.3908,13.1630,15.1835,12.8198,13.1486,12.7117,15.1682,13.3959,13.7696,13.8303,13.9674,13.0658,13.1603,12.4831,15.0864,12.5108,12.9759,12.3859,13.3908,15.1835;
12.2471,12.7306,15.4559,12.2471,12.5268,12.7306,12.4531,15.3823,15.4559,12.4826,12.5268,12.7957,15.4559,13.7377,13.6666,13.5663,12.8693,12.7306,15.1469,13.9205,12.7957,13.3668,12.7306,12.7641,13.1163,14.1557,13.8224,12.6340,12.7306,11.9562,12.7242,12.4531,12.4374,13.1630,15.6597,12.7622,13.0396,12.8693,15.4559,11.6863,12.3179,13.2614,12.5204,13.0731,12.5268,12.5268,13.5663,12.5268,12.8204,12.8358,12.5268,12.3179,14.4020,13.2093,12.8358,12.7306,13.1562,12.7957,13.2460,13.0731,15.1469,15.4559,14.1190,12.8442,12.5268,12.4531,13.9205,12.5268,12.2493,12.5268,12.4531,12.9523,12.3666,15.6597,13.2346,13.1359,14.3494,13.6772,13.1630,13.1630,14.4731,13.5814,15.6597,13.0731,13.0261,13.4030,14.7927,13.0577,13.1163,14.3262,13.6034,14.1083,15.1469,12.6340,13.0396,12.5603,12.7171,11.9638,12.5268,13.5814,13.0731;
14.7491,15.2326,12.5584,14.7491,15.0288,15.2326,15.3989,12.9285,12.5584,15.4283,15.0288,12.8922,12.5584,12.1902,12.2686,11.7560,12.5221,15.2326,12.2493,13.5113,12.8922,12.4095,15.2326,12.4169,12.6990,13.5322,13.1989,14.7938,15.2326,14.5597,12.3069,15.3989,14.5972,12.2056,12.7622,15.7079,15.5416,12.5221,12.5584,12.5142,12.7021,12.9142,12.1031,12.7259,15.0288,15.0288,11.7560,15.0288,14.7123,15.3378,15.0288,12.7021,13.7869,11.3497,15.3378,15.2326,12.8090,12.8922,12.2887,12.7259,12.2493,12.5584,13.3544,13.9019,15.0288,15.3989,13.5113,15.0288,15.1951,15.0288,15.3989,12.6052,12.7342,12.7622,13.6269,13.9456,13.0260,11.5196,12.2056,12.2056,13.7085,12.8168,12.7622,12.7259,15.1859,11.5064,11.8952,12.1004,12.6990,13.7111,13.5985,14.1033,12.2493,14.7938,15.5416,12.2131,14.8768,12.3479,15.0288,12.8168,12.7259;
15.0266,15.5100,12.8358,15.0266,15.3062,15.5100,15.2326,12.7622,12.8358,15.2620,15.3062,12.7259,12.8358,12.4677,12.5460,12.0334,12.7995,15.5100,12.5268,13.7888,12.7259,12.6869,15.5100,12.6943,12.9764,13.8138,13.4805,15.0712,15.5100,14.3934,12.5843,15.2326,14.8746,12.4831,13.0396,15.5416,15.8190,12.7995,12.8358,12.3479,12.9795,13.1916,12.3805,13.0033,15.3062,15.3062,12.0334,15.3062,14.9897,15.6152,15.3062,12.9795,14.0643,11.6271,15.6152,15.5100,13.0864,12.7259,12.5661,13.0033,12.5268,12.8358,13.6318,14.1793,15.3062,15.2326,13.7888,15.3062,15.0288,15.3062,15.2326,12.8826,13.0116,13.0396,13.9043,14.2230,13.3034,11.7970,12.4831,12.4831,13.9859,13.0942,13.0396,13.0033,15.4633,11.7838,12.1726,12.3778,12.9764,13.9885,13.8759,14.3808,12.5268,15.0712,15.8190,12.4905,15.1543,12.6253,15.3062,13.0942,13.0033;
12.4227,12.4905,13.0812,12.4227,12.7024,12.4905,12.2131,12.5919,13.0812,12.2425,12.7024,15.2226,13.0812,13.4964,13.2325,13.1850,15.7119,12.4905,12.7721,12.3286,15.2226,15.1835,12.4905,15.1910,13.7123,13.7170,13.3837,13.4768,12.4905,12.4821,14.0528,12.2131,12.5476,15.3954,12.8693,12.5221,12.7995,15.7119,13.0812,13.0150,13.6465,15.3714,14.2647,15.5000,12.7024,12.7024,13.1850,12.7024,12.3859,13.0114,12.7024,13.6465,13.9674,12.6744,13.0114,12.4905,14.8505,15.2226,14.7459,15.5000,12.7721,13.0812,13.8772,13.1931,12.7024,12.2131,12.3286,12.7024,12.4249,12.7024,12.2131,15.0623,13.2246,12.8693,11.6427,12.3117,12.7146,12.8258,15.3954,15.3954,14.2313,13.7072,12.8693,15.5000,13.1363,12.8550,12.4180,14.8745,13.7123,13.4759,14.1467,14.2839,12.7721,13.4768,12.7995,15.4028,12.8273,13.2924,12.7024,13.7072,15.5000;
12.4590,12.5268,15.6678,12.4590,12.7386,12.5268,12.2493,15.1785,15.6678,12.2787,12.7386,12.5919,15.6678,13.9496,13.8784,13.7782,13.0812,12.5268,15.3587,14.1324,12.5919,13.1630,12.5268,12.5603,12.9125,14.3717,14.0384,12.4302,12.5268,12.1681,12.5204,12.2493,12.2336,13.3749,15.4559,12.5584,12.8358,13.0812,15.6678,11.4825,12.1141,13.4733,12.7323,12.8693,12.7386,12.7386,13.7782,12.7386,13.0323,13.0477,12.7386,12.1141,14.6139,13.4212,13.0477,12.5268,12.9523,12.5919,13.4579,12.8693,15.3587,15.6678,14.3309,13.0561,12.7386,12.2493,14.1324,12.7386,12.4612,12.7386,12.2493,13.1642,12.5785,15.4559,13.4465,13.3478,14.5612,13.8891,13.3749,13.3749,14.6850,13.3776,15.4559,12.8693,12.8223,13.6149,15.0046,12.8539,12.9125,14.1223,13.3996,14.3202,15.3587,12.4302,12.8358,12.7721,12.5133,11.7599,12.7386,13.3776,12.8693;
12.0692,12.0389,11.4825,12.0692,11.8351,12.0389,12.2052,11.8527,11.4825,12.7484,11.8351,13.3851,11.4825,13.1677,12.8337,13.2297,13.0150,12.0389,11.1735,10.7300,13.3851,12.9023,12.0389,12.9097,14.1726,12.5745,12.7289,12.7978,12.0389,12.3449,14.5131,12.2052,12.3824,12.6985,11.6863,12.5142,12.3479,13.0150,11.4825,15.2498,14.9083,12.6745,14.3093,13.2188,11.8351,11.8351,13.2297,11.8351,11.5186,12.1441,11.8351,14.9083,12.2987,12.4883,12.1441,12.0389,12.5693,13.3851,12.0490,13.2188,11.1735,11.4825,12.8079,12.3258,11.8351,12.2052,10.7300,11.8351,12.0014,11.8351,12.2052,12.3654,13.0541,11.6863,11.3593,11.2170,11.6452,13.0264,12.6985,12.6985,12.6327,13.7942,11.6863,13.2188,12.4573,12.7148,11.3487,12.5933,14.1726,12.7367,12.8937,12.6151,11.1735,12.7978,12.3479,12.7059,12.1482,15.0835,11.8351,13.7942,13.2188;
12.7008,12.6704,12.1141,12.7008,12.4666,12.6704,12.3930,12.0405,12.1141,12.9362,12.4666,13.5729,12.1141,13.7993,13.4653,13.8612,13.6465,12.6704,11.8051,11.3616,13.5729,13.5339,12.6704,13.5413,14.8042,13.1894,12.8561,13.4293,12.6704,12.5327,15.1447,12.3930,13.0140,13.3301,12.3179,12.7021,12.9795,13.6465,12.1141,14.9083,15.5399,13.3061,14.9409,13.8504,12.4666,12.4666,13.8612,12.4666,12.1502,12.7757,12.4666,15.5399,12.9302,13.1199,12.7757,12.6704,13.2008,13.5729,12.6805,13.8504,11.8051,12.1141,12.9101,12.9574,12.4666,12.3930,11.3616,12.4666,12.1892,12.4666,12.3930,12.9970,13.1564,12.3179,11.9909,11.8486,11.7475,13.1287,13.3301,13.3301,13.2642,14.4258,12.3179,13.8504,13.0888,13.3463,11.4509,13.2249,14.8042,13.3682,13.5252,13.2467,11.8051,13.4293,12.9795,13.3375,12.7798,15.1857,12.4666,14.4258,13.8504;
12.8148,12.8826,13.4733,12.8148,13.0945,12.8826,12.6052,12.9840,13.4733,12.6346,13.0945,14.8821,13.4733,13.8885,13.6246,13.5771,15.3714,12.8826,13.1642,12.7207,14.8821,14.8430,12.8826,14.8505,14.1044,14.1132,13.7799,13.1363,12.8826,12.8742,13.7123,12.6052,12.9397,15.0549,13.2614,12.9142,13.1916,15.3714,13.4733,12.6745,13.3061,15.7635,13.9242,15.1595,13.0945,13.0945,13.5771,13.0945,12.7780,13.4035,13.0945,13.3061,14.3595,13.0665,13.4035,12.8826,15.2426,14.8821,15.1380,15.1595,13.1642,13.4733,14.2693,13.5852,13.0945,12.6052,12.7207,13.0945,12.8170,13.0945,12.6052,15.4544,13.6167,13.2614,12.0348,12.7038,13.1067,13.2179,15.0549,15.0549,14.6234,14.0993,13.2614,15.1595,13.5284,13.2471,12.8101,14.5340,14.1044,13.8680,14.5388,14.6760,13.1642,13.1363,13.1916,15.0623,13.2194,12.9519,13.0945,14.0993,15.1595;
12.5175,12.0715,12.7323,12.5175,12.2833,12.0715,11.7940,12.2430,12.7323,12.3372,12.2833,13.7754,12.7323,14.4175,14.0835,14.4794,14.2647,12.0715,12.4232,11.9797,13.7754,13.7364,12.0715,13.7438,15.0067,13.8159,13.4826,12.8303,12.0715,12.3494,15.3472,11.7940,12.4150,13.9483,12.5204,12.1031,12.3805,14.2647,12.7323,14.3093,14.9409,13.9242,15.5591,14.0528,12.2833,12.2833,14.4794,12.2833,11.9669,12.5924,12.2833,14.9409,13.5484,13.7381,12.5924,12.0715,13.4033,13.7754,13.2987,14.0528,12.4232,12.7323,13.5283,12.7741,12.2833,11.7940,11.9797,12.2833,12.0059,12.2833,11.7940,13.6152,13.7745,12.5204,11.8076,11.6653,12.3656,13.7468,13.9483,13.9483,13.8824,14.6283,12.5204,14.0528,12.4899,13.9645,12.0691,13.4273,15.0067,13.5707,13.7277,13.8649,12.4232,12.8303,12.3805,13.9557,12.1808,14.5868,12.2833,14.6283,14.0528;
12.2109,12.6943,12.8693,12.2109,12.4905,12.6943,12.4169,12.7957,12.8693,12.4463,12.4905,15.4264,12.8693,13.2845,13.0207,12.9732,15.5000,12.6943,12.5603,12.1168,15.4264,15.3873,12.6943,15.3948,13.9162,13.5009,13.1676,13.6806,12.6943,12.2702,14.2566,12.4169,12.7514,15.1835,13.0731,12.7259,13.0033,15.5000,12.8693,13.2188,13.8504,15.1595,14.0528,15.7038,12.4905,12.4905,12.9732,12.4905,12.1740,12.7995,12.4905,13.8504,13.7556,12.4625,12.7995,12.6943,15.0543,15.4264,14.5340,15.7038,12.5603,12.8693,13.6653,12.9812,12.4905,12.4169,12.1168,12.4905,12.2131,12.4905,12.4169,14.8505,13.0128,13.0731,11.4308,12.0998,12.5027,12.6139,15.1835,15.1835,14.0194,13.9111,13.0731,15.7038,13.3401,12.6431,12.2061,15.0783,13.9162,13.6797,14.3505,14.0720,12.5603,13.6806,13.0033,15.1910,13.0311,13.4962,12.4905,13.9111,15.7038;
15.5379,15.6056,12.7386,15.5379,15.8175,15.6056,15.3282,12.2493,12.7386,14.7491,15.8175,12.2131,12.7386,12.3705,12.4489,11.9363,12.7024,15.6056,13.0381,14.3001,12.2131,12.1740,15.6056,12.7899,12.4636,13.7167,13.3834,14.5583,15.6056,14.9047,12.0715,15.3282,14.9703,12.3859,12.5268,15.0288,15.3062,12.7024,12.7386,11.8351,12.4666,13.0945,12.2833,12.4905,15.8175,15.8175,11.9363,15.8175,15.5011,15.5181,15.8175,12.4666,13.9671,12.1385,15.5181,15.6056,13.1820,12.2131,13.0775,12.4905,13.0381,12.7386,13.5346,14.6907,15.8175,15.3282,14.3001,15.8175,15.5401,15.8175,15.3282,13.3939,12.9145,12.5268,14.4156,14.7344,13.2062,11.6999,12.3859,12.3859,13.8888,12.5813,12.5268,12.4905,14.9504,11.6866,12.6840,12.4735,12.4636,13.4756,13.9716,14.2836,13.0381,14.5583,15.3062,13.0018,15.2499,12.1125,15.8175,12.5813,12.4905;
15.5379,15.6056,12.7386,15.5379,15.8175,15.6056,15.3282,12.2493,12.7386,14.7491,15.8175,12.2131,12.7386,12.3705,12.4489,11.9363,12.7024,15.6056,13.0381,14.3001,12.2131,12.1740,15.6056,12.7899,12.4636,13.7167,13.3834,14.5583,15.6056,14.9047,12.0715,15.3282,14.9703,12.3859,12.5268,15.0288,15.3062,12.7024,12.7386,11.8351,12.4666,13.0945,12.2833,12.4905,15.8175,15.8175,11.9363,15.8175,15.5011,15.5181,15.8175,12.4666,13.9671,12.1385,15.5181,15.6056,13.1820,12.2131,13.0775,12.4905,13.0381,12.7386,13.5346,14.6907,15.8175,15.3282,14.3001,15.8175,15.5401,15.8175,15.3282,13.3939,12.9145,12.5268,14.4156,14.7344,13.2062,11.6999,12.3859,12.3859,13.8888,12.5813,12.5268,12.4905,14.9504,11.6866,12.6840,12.4735,12.4636,13.4756,13.9716,14.2836,13.0381,14.5583,15.3062,13.0018,15.2499,12.1125,15.8175,12.5813,12.4905;
12.1704,11.7244,13.7782,12.1704,11.9363,11.7244,11.4470,13.2889,13.7782,11.9902,11.9363,12.6957,13.7782,14.8532,15.1294,15.5253,13.1850,11.7244,13.4692,12.2428,12.6957,13.2668,11.7244,12.6641,14.6596,14.0832,13.7498,11.7507,11.7244,12.0024,14.2675,11.4470,12.0679,13.4787,13.5663,11.7560,12.0334,13.1850,13.7782,13.2297,13.8612,13.5771,14.4794,12.9732,11.9363,11.9363,15.5253,11.9363,12.2299,12.2453,11.9363,13.8612,13.8115,14.7840,12.2453,11.7244,13.0562,12.6957,13.5618,12.9732,13.4692,13.7782,13.1812,13.0371,11.9363,11.4470,12.2428,11.9363,11.6588,11.9363,11.4470,13.2681,13.4274,13.5663,12.0707,11.9283,13.4116,14.7928,13.4787,13.4787,13.5353,14.2812,13.5663,12.9732,12.1428,15.0104,13.1150,12.9578,14.6596,13.8338,13.3806,13.5178,13.4692,11.7507,12.0334,12.8760,11.8337,13.5071,11.9363,14.2812,12.9732;
15.5379,15.6056,12.7386,15.5379,15.8175,15.6056,15.3282,12.2493,12.7386,14.7491,15.8175,12.2131,12.7386,12.3705,12.4489,11.9363,12.7024,15.6056,13.0381,14.3001,12.2131,12.1740,15.6056,12.7899,12.4636,13.7167,13.3834,14.5583,15.6056,14.9047,12.0715,15.3282,14.9703,12.3859,12.5268,15.0288,15.3062,12.7024,12.7386,11.8351,12.4666,13.0945,12.2833,12.4905,15.8175,15.8175,11.9363,15.8175,15.5011,15.5181,15.8175,12.4666,13.9671,12.1385,15.5181,15.6056,13.1820,12.2131,13.0775,12.4905,13.0381,12.7386,13.5346,14.6907,15.8175,15.3282,14.3001,15.8175,15.5401,15.8175,15.3282,13.3939,12.9145,12.5268,14.4156,14.7344,13.2062,11.6999,12.3859,12.3859,13.8888,12.5813,12.5268,12.4905,14.9504,11.6866,12.6840,12.4735,12.4636,13.4756,13.9716,14.2836,13.0381,14.5583,15.3062,13.0018,15.2499,12.1125,15.8175,12.5813,12.4905;
15.2214,15.2892,13.0323,15.2214,15.5011,15.2892,15.0118,12.5430,13.0323,14.4327,15.5011,11.8966,13.0323,12.0540,12.7425,12.2299,12.3859,15.2892,13.3318,14.5938,11.8966,12.4677,15.2892,12.4735,12.1471,14.0145,13.6812,14.2419,15.2892,14.5883,11.7550,15.0118,14.6538,12.6796,12.8204,14.7123,14.9897,12.3859,13.0323,11.5186,12.1502,12.7780,11.9669,12.1740,15.5011,15.5011,12.2299,15.5011,15.7947,15.2016,15.5011,12.1502,14.2608,12.4322,15.2016,15.2892,12.8656,11.8966,13.3711,12.1740,13.3318,13.0323,13.2182,14.9843,15.5011,15.0118,14.5938,15.5011,15.2236,15.5011,15.0118,13.0775,12.5980,12.8204,14.7093,15.0280,13.4999,11.9936,12.6796,12.6796,13.5723,12.2649,12.8204,12.1740,14.6340,11.9803,12.9776,12.7672,12.1471,13.7693,13.6551,13.9671,13.3318,14.2419,14.9897,12.6854,14.9334,11.7960,15.5011,12.2649,12.1740;
