SimGraph=[
17.0000,16.4328,13.2117,17.0000,16.6898,16.4328,16.1551,12.6771,13.2117,16.1081,16.6898,12.6233,13.2117,13.4243,13.5118,12.9654,13.1579,16.4328,13.5690,14.9925,12.6233,12.5421,16.4328,13.2583,13.5215,14.8257,14.5589,15.2409,16.4328,16.3139,13.0954,16.1551,16.3346,12.7991,12.9547,15.7978,16.0755,13.1579,13.2117,12.9463,13.5532,13.5840,13.3524,12.9009,16.6898,16.6898,12.9654,16.6898,16.3309,16.3325,16.6898,13.5532,14.5467,13.3576,16.3325,16.4328,13.6844,12.6233,13.5825,12.9009,13.5690,13.2117,14.1300,15.4074,16.6898,16.1551,14.9925,16.6898,16.4121,16.6898,16.1551,13.9414,13.6488,12.9547,15.7604,15.4881,13.7918,12.7363,12.7991,12.7991,14.4593,13.6216,12.9547,12.9009,15.6670,12.8720,13.2398,12.8994,13.5215,14.5999,14.5572,14.9056,13.5690,15.2409,16.0755,13.5152,16.0243,13.2240,16.6898,13.6216,12.9009;
16.4328,17.0000,13.2650,16.4328,16.7430,17.0000,16.7224,13.2443,13.2650,16.0548,16.7430,13.1905,13.2650,12.8571,12.9445,12.3982,13.2112,17.0000,13.6223,15.0457,13.1905,13.1093,17.0000,13.8255,13.4683,14.2584,13.9917,15.8081,17.0000,15.7467,13.0422,16.7224,16.2813,12.8523,13.5219,16.3650,16.6427,13.2112,13.2650,12.8931,13.5000,13.6373,12.7852,13.4682,16.7430,16.7430,12.3982,16.7430,16.3841,16.3857,16.7430,13.5000,14.5999,12.7903,16.3857,17.0000,14.2516,13.1905,13.6357,13.4682,13.6223,13.2650,14.1833,15.4606,16.7430,16.7224,15.0457,16.7430,16.4654,16.7430,16.7224,13.9946,13.7021,13.5219,15.1932,15.5413,13.8450,12.1690,12.8523,12.8523,14.5125,13.5684,13.5219,13.4682,16.2343,12.3047,13.2930,13.4666,13.4683,14.5467,15.1244,14.9588,13.6223,15.8081,16.6427,13.5685,16.5916,13.1707,16.7430,13.5684,13.4682;
13.2117,13.2650,17.0000,13.2117,13.5219,13.2650,12.9873,16.4654,17.0000,13.0344,13.5219,13.4239,17.0000,15.0056,14.9182,14.8460,13.9586,13.2650,16.6427,15.2193,13.4239,14.0605,13.2650,13.3443,13.7759,15.3236,15.0568,13.1877,13.2650,12.9257,13.3498,12.9873,12.9463,14.3174,16.7430,13.3446,13.6223,13.9586,17.0000,12.2852,12.8920,14.3847,13.6068,13.7016,13.5219,13.5219,14.8460,13.5219,13.8808,13.8793,13.5219,12.8920,15.6650,14.6050,13.8793,13.2650,13.7704,13.4239,14.3862,13.7016,16.6427,17.0000,15.4232,13.9071,13.5219,12.9873,15.2193,13.5219,13.2443,13.5219,12.9873,14.0274,13.6553,16.7430,14.4513,14.3068,15.7615,15.0353,14.3174,14.3174,15.7525,14.2944,16.7430,13.7016,13.6138,14.9406,16.3135,13.7031,13.7759,15.0978,14.2432,15.3062,16.6427,13.1877,13.6223,13.6013,13.2565,12.5628,13.5219,14.2944,13.7016;
17.0000,16.4328,13.2117,17.0000,16.6898,16.4328,16.1551,12.6771,13.2117,16.1081,16.6898,12.6233,13.2117,13.4243,13.5118,12.9654,13.1579,16.4328,13.5690,14.9925,12.6233,12.5421,16.4328,13.2583,13.5215,14.8257,14.5589,15.2409,16.4328,16.3139,13.0954,16.1551,16.3346,12.7991,12.9547,15.7978,16.0755,13.1579,13.2117,12.9463,13.5532,13.5840,13.3524,12.9009,16.6898,16.6898,12.9654,16.6898,16.3309,16.3325,16.6898,13.5532,14.5467,13.3576,16.3325,16.4328,13.6844,12.6233,13.5825,12.9009,13.5690,13.2117,14.1300,15.4074,16.6898,16.1551,14.9925,16.6898,16.4121,16.6898,16.1551,13.9414,13.6488,12.9547,15.7604,15.4881,13.7918,12.7363,12.7991,12.7991,14.4593,13.6216,12.9547,12.9009,15.6670,12.8720,13.2398,12.8994,13.5215,14.5999,14.5572,14.9056,13.5690,15.2409,16.0755,13.5152,16.0243,13.2240,16.6898,13.6216,12.9009;
16.6898,16.7430,13.5219,16.6898,17.0000,16.7430,16.4654,12.9873,13.5219,15.7978,17.0000,12.9335,13.5219,13.1141,13.2015,12.6552,13.4682,16.7430,13.8793,15.3027,12.9335,12.8523,16.7430,13.5685,13.2113,14.5154,14.2487,15.5512,16.7430,16.0037,12.7852,16.4654,16.0243,13.1093,13.2650,16.1081,16.3857,13.4682,13.5219,12.6361,13.2430,13.8943,13.0422,13.2112,17.0000,17.0000,12.6552,17.0000,16.6411,16.6427,17.0000,13.2430,14.8569,13.0473,16.6427,16.7430,13.9946,12.9335,13.8927,13.2112,13.8793,13.5219,14.4403,15.7176,17.0000,16.4654,15.3027,17.0000,16.7224,17.0000,16.4654,14.2516,13.9591,13.2650,15.4502,15.7983,14.1020,12.4260,13.1093,13.1093,14.7695,13.3114,13.2650,13.2112,15.9773,12.5617,13.5500,13.2096,13.2113,14.2897,14.8675,15.2158,13.8793,15.5512,16.3857,13.8255,16.3346,12.9137,17.0000,13.3114,13.2112;
16.4328,17.0000,13.2650,16.4328,16.7430,17.0000,16.7224,13.2443,13.2650,16.0548,16.7430,13.1905,13.2650,12.8571,12.9445,12.3982,13.2112,17.0000,13.6223,15.0457,13.1905,13.1093,17.0000,13.8255,13.4683,14.2584,13.9917,15.8081,17.0000,15.7467,13.0422,16.7224,16.2813,12.8523,13.5219,16.3650,16.6427,13.2112,13.2650,12.8931,13.5000,13.6373,12.7852,13.4682,16.7430,16.7430,12.3982,16.7430,16.3841,16.3857,16.7430,13.5000,14.5999,12.7903,16.3857,17.0000,14.2516,13.1905,13.6357,13.4682,13.6223,13.2650,14.1833,15.4606,16.7430,16.7224,15.0457,16.7430,16.4654,16.7430,16.7224,13.9946,13.7021,13.5219,15.1932,15.5413,13.8450,12.1690,12.8523,12.8523,14.5125,13.5684,13.5219,13.4682,16.2343,12.3047,13.2930,13.4666,13.4683,14.5467,15.1244,14.9588,13.6223,15.8081,16.6427,13.5685,16.5916,13.1707,16.7430,13.5684,13.4682;
16.1551,16.7224,12.9873,16.1551,16.4654,16.7224,17.0000,13.5219,12.9873,16.3325,16.4654,13.4682,12.9873,12.5795,12.6669,12.1205,12.9335,16.7224,13.3446,14.7681,13.4682,12.8317,16.7224,13.5478,13.1907,13.9808,13.7141,15.5305,16.7224,16.0243,12.7646,17.0000,16.0037,12.5747,13.2443,16.6427,16.3650,12.9335,12.9873,13.1707,13.2223,13.3596,12.5076,13.1905,16.4654,16.4654,12.1205,16.4654,16.1065,16.1081,16.4654,13.2223,14.3223,12.5127,16.1081,16.7224,13.9739,13.4682,13.3581,13.1905,13.3446,12.9873,13.9056,15.1830,16.4654,17.0000,14.7681,16.4654,16.7430,16.4654,17.0000,13.7169,13.4244,13.2443,14.9156,15.2637,13.5674,11.8914,12.5747,12.5747,14.2348,13.2907,13.2443,13.1905,15.9566,12.0271,13.0154,13.1890,13.1907,14.2690,14.8468,14.6811,13.3446,15.5305,16.3650,13.2908,16.3139,12.8931,16.4654,13.2907,13.1905;
12.6771,13.2443,16.4654,12.6771,12.9873,13.2443,13.5219,17.0000,16.4654,13.5690,12.9873,13.9586,16.4654,14.4710,14.3836,14.3114,13.4239,13.2443,16.1081,14.6846,13.9586,14.0398,13.2443,13.3236,13.7552,14.7889,14.5222,13.1671,13.2443,12.9463,13.3291,13.5219,12.9257,13.7828,16.7224,13.8793,13.6016,13.4239,16.4654,12.8198,12.8714,13.8500,13.0721,13.6809,12.9873,12.9873,14.3114,12.9873,13.3462,13.3446,12.9873,12.8714,15.1304,14.0704,13.3446,13.2443,13.7497,13.9586,13.8516,13.6809,16.1081,16.4654,14.8886,13.3724,12.9873,13.5219,14.6846,12.9873,13.2650,12.9873,13.5219,13.4927,13.1207,16.7224,13.9166,13.7722,15.2269,14.5007,13.7828,13.7828,15.2178,14.2737,16.7224,13.6809,13.5932,14.4060,15.7788,13.6825,13.7552,15.0772,14.2226,14.7715,16.1081,13.1671,13.6016,13.0666,13.2359,12.5422,12.9873,14.2737,13.6809;
13.2117,13.2650,17.0000,13.2117,13.5219,13.2650,12.9873,16.4654,17.0000,13.0344,13.5219,13.4239,17.0000,15.0056,14.9182,14.8460,13.9586,13.2650,16.6427,15.2193,13.4239,14.0605,13.2650,13.3443,13.7759,15.3236,15.0568,13.1877,13.2650,12.9257,13.3498,12.9873,12.9463,14.3174,16.7430,13.3446,13.6223,13.9586,17.0000,12.2852,12.8920,14.3847,13.6068,13.7016,13.5219,13.5219,14.8460,13.5219,13.8808,13.8793,13.5219,12.8920,15.6650,14.6050,13.8793,13.2650,13.7704,13.4239,14.3862,13.7016,16.6427,17.0000,15.4232,13.9071,13.5219,12.9873,15.2193,13.5219,13.2443,13.5219,12.9873,14.0274,13.6553,16.7430,14.4513,14.3068,15.7615,15.0353,14.3174,14.3174,15.7525,14.2944,16.7430,13.7016,13.6138,14.9406,16.3135,13.7031,13.7759,15.0978,14.2432,15.3062,16.6427,13.1877,13.6223,13.6013,13.2565,12.5628,13.5219,14.2944,13.7016;
