SimGraph=[
15.7721,15.3260,12.4590,15.7721,15.5379,15.3260,15.0486,11.9697,12.4590,14.9833,15.5379,11.9334,12.4590,12.6047,12.6830,12.1704,12.4227,15.3260,12.7585,14.0205,11.9334,11.8944,15.3260,12.5103,12.6977,13.9550,13.6217,14.2787,15.3260,15.1389,12.3056,15.0486,15.2044,12.1063,12.2471,14.7491,15.0266,12.4227,12.4590,12.0692,12.7008,12.8148,12.5175,12.2109,15.5379,15.5379,12.1704,15.5379,15.2214,15.2384,15.5379,12.7008,13.6875,12.3727,15.2384,15.3260,12.9024,11.9334,12.7978,12.2109,12.7585,12.4590,13.2550,14.4110,15.5379,15.0486,14.0205,15.5379,15.2605,15.5379,15.0486,13.1143,12.6348,12.2471,14.6498,14.4547,12.9266,11.9341,12.1063,12.1063,13.6091,12.8155,12.2471,12.2109,14.6708,11.9208,12.4043,12.1939,12.6977,13.7098,13.6919,14.0040,12.7585,14.2787,15.0266,12.7222,14.9703,12.3467,15.5379,12.8155,12.2109;
15.3260,15.8095,12.5268,15.3260,15.6056,15.8095,15.5320,12.4531,12.5268,14.9529,15.6056,12.4169,12.5268,12.1586,12.2370,11.7244,12.4905,15.8095,12.8262,14.0882,12.4169,12.3778,15.8095,12.9938,12.6674,13.5006,13.1673,14.7622,15.8095,14.6928,12.2753,15.5320,15.1741,12.1740,12.7306,15.2326,15.5100,12.4905,12.5268,12.0389,12.6704,12.8826,12.0715,12.6943,15.6056,15.6056,11.7244,15.6056,15.2892,15.3062,15.6056,12.6704,13.7553,11.9266,15.3062,15.8095,13.3859,12.4169,12.8656,12.6943,12.8262,12.5268,13.3227,14.4788,15.6056,15.5320,14.0882,15.6056,15.3282,15.6056,15.5320,13.1820,12.7026,12.7306,14.2038,14.5225,12.9943,11.4880,12.1740,12.1740,13.6769,12.7851,12.7306,12.6943,15.1543,11.4747,12.4721,12.6773,12.6674,13.6794,14.1754,14.0717,12.8262,14.7622,15.5100,12.7899,15.4537,12.3163,15.6056,12.7851,12.6943;
12.4590,12.5268,15.6678,12.4590,12.7386,12.5268,12.2493,15.1785,15.6678,12.2787,12.7386,12.5919,15.6678,13.9496,13.8784,13.7782,13.0812,12.5268,15.3587,14.1324,12.5919,13.1630,12.5268,12.5603,12.9125,14.3717,14.0384,12.4302,12.5268,12.1681,12.5204,12.2493,12.2336,13.3749,15.4559,12.5584,12.8358,13.0812,15.6678,11.4825,12.1141,13.4733,12.7323,12.8693,12.7386,12.7386,13.7782,12.7386,13.0323,13.0477,12.7386,12.1141,14.6139,13.4212,13.0477,12.5268,12.9523,12.5919,13.4579,12.8693,15.3587,15.6678,14.3309,13.0561,12.7386,12.2493,14.1324,12.7386,12.4612,12.7386,12.2493,13.1642,12.5785,15.4559,13.4465,13.3478,14.5612,13.8891,13.3749,13.3749,14.6850,13.3776,15.4559,12.8693,12.8223,13.6149,15.0046,12.8539,12.9125,14.1223,13.3996,14.3202,15.3587,12.4302,12.8358,12.7721,12.5133,11.7599,12.7386,13.3776,12.8693;
15.7721,15.3260,12.4590,15.7721,15.5379,15.3260,15.0486,11.9697,12.4590,14.9833,15.5379,11.9334,12.4590,12.6047,12.6830,12.1704,12.4227,15.3260,12.7585,14.0205,11.9334,11.8944,15.3260,12.5103,12.6977,13.9550,13.6217,14.2787,15.3260,15.1389,12.3056,15.0486,15.2044,12.1063,12.2471,14.7491,15.0266,12.4227,12.4590,12.0692,12.7008,12.8148,12.5175,12.2109,15.5379,15.5379,12.1704,15.5379,15.2214,15.2384,15.5379,12.7008,13.6875,12.3727,15.2384,15.3260,12.9024,11.9334,12.7978,12.2109,12.7585,12.4590,13.2550,14.4110,15.5379,15.0486,14.0205,15.5379,15.2605,15.5379,15.0486,13.1143,12.6348,12.2471,14.6498,14.4547,12.9266,11.9341,12.1063,12.1063,13.6091,12.8155,12.2471,12.2109,14.6708,11.9208,12.4043,12.1939,12.6977,13.7098,13.6919,14.0040,12.7585,14.2787,15.0266,12.7222,14.9703,12.3467,15.5379,12.8155,12.2109;
15.5379,15.6056,12.7386,15.5379,15.8175,15.6056,15.3282,12.2493,12.7386,14.7491,15.8175,12.2131,12.7386,12.3705,12.4489,11.9363,12.7024,15.6056,13.0381,14.3001,12.2131,12.1740,15.6056,12.7899,12.4636,13.7167,13.3834,14.5583,15.6056,14.9047,12.0715,15.3282,14.9703,12.3859,12.5268,15.0288,15.3062,12.7024,12.7386,11.8351,12.4666,13.0945,12.2833,12.4905,15.8175,15.8175,11.9363,15.8175,15.5011,15.5181,15.8175,12.4666,13.9671,12.1385,15.5181,15.6056,13.1820,12.2131,13.0775,12.4905,13.0381,12.7386,13.5346,14.6907,15.8175,15.3282,14.3001,15.8175,15.5401,15.8175,15.3282,13.3939,12.9145,12.5268,14.4156,14.7344,13.2062,11.6999,12.3859,12.3859,13.8888,12.5813,12.5268,12.4905,14.9504,11.6866,12.6840,12.4735,12.4636,13.4756,13.9716,14.2836,13.0381,14.5583,15.3062,13.0018,15.2499,12.1125,15.8175,12.5813,12.4905;
15.3260,15.8095,12.5268,15.3260,15.6056,15.8095,15.5320,12.4531,12.5268,14.9529,15.6056,12.4169,12.5268,12.1586,12.2370,11.7244,12.4905,15.8095,12.8262,14.0882,12.4169,12.3778,15.8095,12.9938,12.6674,13.5006,13.1673,14.7622,15.8095,14.6928,12.2753,15.5320,15.1741,12.1740,12.7306,15.2326,15.5100,12.4905,12.5268,12.0389,12.6704,12.8826,12.0715,12.6943,15.6056,15.6056,11.7244,15.6056,15.2892,15.3062,15.6056,12.6704,13.7553,11.9266,15.3062,15.8095,13.3859,12.4169,12.8656,12.6943,12.8262,12.5268,13.3227,14.4788,15.6056,15.5320,14.0882,15.6056,15.3282,15.6056,15.5320,13.1820,12.7026,12.7306,14.2038,14.5225,12.9943,11.4880,12.1740,12.1740,13.6769,12.7851,12.7306,12.6943,15.1543,11.4747,12.4721,12.6773,12.6674,13.6794,14.1754,14.0717,12.8262,14.7622,15.5100,12.7899,15.4537,12.3163,15.6056,12.7851,12.6943;
15.0486,15.5320,12.2493,15.0486,15.3282,15.5320,15.6983,12.6195,12.2493,15.1193,15.3282,12.5832,12.2493,11.8812,11.9596,11.4470,12.2131,15.5320,12.5488,13.8108,12.5832,12.1004,15.5320,12.7163,12.3899,13.2190,12.8857,14.4847,15.5320,14.8592,11.9978,15.6983,14.8967,11.8966,12.4531,15.3989,15.2326,12.2131,12.2493,12.2052,12.3930,12.6052,11.7940,12.4169,15.3282,15.3282,11.4470,15.3282,15.0118,15.0288,15.3282,12.3930,13.4778,11.6492,15.0288,15.5320,13.1084,12.5832,12.5882,12.4169,12.5488,12.2493,13.0453,14.2014,15.3282,15.6983,13.8108,15.3282,15.4945,15.3282,15.6983,12.9046,12.4251,12.4531,13.9263,14.2450,12.7169,11.2106,11.8966,11.8966,13.3995,12.5077,12.4531,12.4169,14.8768,11.1973,12.1946,12.3999,12.3899,13.4020,13.8979,13.7943,12.5488,14.4847,15.2326,12.5125,15.1763,12.0389,15.3282,12.5077,12.4169;
11.9697,12.4531,15.1785,11.9697,12.2493,12.4531,12.6195,15.5486,15.1785,12.6489,12.2493,12.9620,15.1785,13.4603,13.3891,13.2889,12.5919,12.4531,14.8694,13.6431,12.9620,13.0894,12.4531,12.4866,12.8389,13.8741,13.5408,12.3566,12.4531,12.1225,12.4468,12.6195,12.1600,12.8855,15.3823,12.9285,12.7622,12.5919,15.1785,11.8527,12.0405,12.9840,12.2430,12.7957,12.2493,12.2493,13.2889,12.2493,12.5430,12.5584,12.2493,12.0405,14.1245,12.9319,12.5584,12.4531,12.8787,12.9620,12.9686,12.7957,14.8694,15.1785,13.8415,12.5668,12.2493,12.6195,13.6431,12.2493,12.4156,12.2493,12.6195,12.6749,12.0892,15.3823,12.9572,12.8585,14.0719,13.3998,12.8855,12.8855,14.1957,13.3039,15.3823,12.7957,12.7487,13.1256,14.5153,12.7803,12.8389,14.0487,13.3260,13.8309,14.8694,12.3566,12.7622,12.2828,12.4396,11.6863,12.2493,13.3039,12.7957;
12.4590,12.5268,15.6678,12.4590,12.7386,12.5268,12.2493,15.1785,15.6678,12.2787,12.7386,12.5919,15.6678,13.9496,13.8784,13.7782,13.0812,12.5268,15.3587,14.1324,12.5919,13.1630,12.5268,12.5603,12.9125,14.3717,14.0384,12.4302,12.5268,12.1681,12.5204,12.2493,12.2336,13.3749,15.4559,12.5584,12.8358,13.0812,15.6678,11.4825,12.1141,13.4733,12.7323,12.8693,12.7386,12.7386,13.7782,12.7386,13.0323,13.0477,12.7386,12.1141,14.6139,13.4212,13.0477,12.5268,12.9523,12.5919,13.4579,12.8693,15.3587,15.6678,14.3309,13.0561,12.7386,12.2493,14.1324,12.7386,12.4612,12.7386,12.2493,13.1642,12.5785,15.4559,13.4465,13.3478,14.5612,13.8891,13.3749,13.3749,14.6850,13.3776,15.4559,12.8693,12.8223,13.6149,15.0046,12.8539,12.9125,14.1223,13.3996,14.3202,15.3587,12.4302,12.8358,12.7721,12.5133,11.7599,12.7386,13.3776,12.8693;
