SimGraph=[
17.0000,16.4328,13.2117,17.0000,16.6898,16.4328,16.1551,12.6771,13.2117,16.1081,16.6898,12.6233,13.2117,13.4243,13.5118,12.9654,13.1579,16.4328,13.5690,14.9925,12.6233,12.5421,16.4328,13.2583,13.5215,14.8257,14.5589,15.2409,16.4328,16.3139,13.0954,16.1551,16.3346,12.7991,12.9547,15.7978,16.0755,13.1579,13.2117,12.9463,13.5532,13.5840,13.3524,12.9009,16.6898,16.6898,12.9654,16.6898,16.3309,16.3325,16.6898,13.5532,14.5467,13.3576,16.3325,16.4328,13.6844,12.6233,13.5825,12.9009,13.5690,13.2117,14.1300,15.4074,16.6898,16.1551,14.9925,16.6898,16.4121,16.6898,16.1551,13.9414,13.6488,12.9547,15.7604,15.4881,13.7918,12.7363,12.7991,12.7991,14.4593,13.6216,12.9547,12.9009,15.6670,12.8720,13.2398,12.8994,13.5215,14.5999,14.5572,14.9056,13.5690,15.2409,16.0755,13.5152,16.0243,13.2240,16.6898,13.6216,12.9009;
16.4328,17.0000,13.2650,16.4328,16.7430,17.0000,16.7224,13.2443,13.2650,16.0548,16.7430,13.1905,13.2650,12.8571,12.9445,12.3982,13.2112,17.0000,13.6223,15.0457,13.1905,13.1093,17.0000,13.8255,13.4683,14.2584,13.9917,15.8081,17.0000,15.7467,13.0422,16.7224,16.2813,12.8523,13.5219,16.3650,16.6427,13.2112,13.2650,12.8931,13.5000,13.6373,12.7852,13.4682,16.7430,16.7430,12.3982,16.7430,16.3841,16.3857,16.7430,13.5000,14.5999,12.7903,16.3857,17.0000,14.2516,13.1905,13.6357,13.4682,13.6223,13.2650,14.1833,15.4606,16.7430,16.7224,15.0457,16.7430,16.4654,16.7430,16.7224,13.9946,13.7021,13.5219,15.1932,15.5413,13.8450,12.1690,12.8523,12.8523,14.5125,13.5684,13.5219,13.4682,16.2343,12.3047,13.2930,13.4666,13.4683,14.5467,15.1244,14.9588,13.6223,15.8081,16.6427,13.5685,16.5916,13.1707,16.7430,13.5684,13.4682;
13.2117,13.2650,17.0000,13.2117,13.5219,13.2650,12.9873,16.4654,17.0000,13.0344,13.5219,13.4239,17.0000,15.0056,14.9182,14.8460,13.9586,13.2650,16.6427,15.2193,13.4239,14.0605,13.2650,13.3443,13.7759,15.3236,15.0568,13.1877,13.2650,12.9257,13.3498,12.9873,12.9463,14.3174,16.7430,13.3446,13.6223,13.9586,17.0000,12.2852,12.8920,14.3847,13.6068,13.7016,13.5219,13.5219,14.8460,13.5219,13.8808,13.8793,13.5219,12.8920,15.6650,14.6050,13.8793,13.2650,13.7704,13.4239,14.3862,13.7016,16.6427,17.0000,15.4232,13.9071,13.5219,12.9873,15.2193,13.5219,13.2443,13.5219,12.9873,14.0274,13.6553,16.7430,14.4513,14.3068,15.7615,15.0353,14.3174,14.3174,15.7525,14.2944,16.7430,13.7016,13.6138,14.9406,16.3135,13.7031,13.7759,15.0978,14.2432,15.3062,16.6427,13.1877,13.6223,13.6013,13.2565,12.5628,13.5219,14.2944,13.7016;
17.0000,16.4328,13.2117,17.0000,16.6898,16.4328,16.1551,12.6771,13.2117,16.1081,16.6898,12.6233,13.2117,13.4243,13.5118,12.9654,13.1579,16.4328,13.5690,14.9925,12.6233,12.5421,16.4328,13.2583,13.5215,14.8257,14.5589,15.2409,16.4328,16.3139,13.0954,16.1551,16.3346,12.7991,12.9547,15.7978,16.0755,13.1579,13.2117,12.9463,13.5532,13.5840,13.3524,12.9009,16.6898,16.6898,12.9654,16.6898,16.3309,16.3325,16.6898,13.5532,14.5467,13.3576,16.3325,16.4328,13.6844,12.6233,13.5825,12.9009,13.5690,13.2117,14.1300,15.4074,16.6898,16.1551,14.9925,16.6898,16.4121,16.6898,16.1551,13.9414,13.6488,12.9547,15.7604,15.4881,13.7918,12.7363,12.7991,12.7991,14.4593,13.6216,12.9547,12.9009,15.6670,12.8720,13.2398,12.8994,13.5215,14.5999,14.5572,14.9056,13.5690,15.2409,16.0755,13.5152,16.0243,13.2240,16.6898,13.6216,12.9009;
16.6898,16.7430,13.5219,16.6898,17.0000,16.7430,16.4654,12.9873,13.5219,15.7978,17.0000,12.9335,13.5219,13.1141,13.2015,12.6552,13.4682,16.7430,13.8793,15.3027,12.9335,12.8523,16.7430,13.5685,13.2113,14.5154,14.2487,15.5512,16.7430,16.0037,12.7852,16.4654,16.0243,13.1093,13.2650,16.1081,16.3857,13.4682,13.5219,12.6361,13.2430,13.8943,13.0422,13.2112,17.0000,17.0000,12.6552,17.0000,16.6411,16.6427,17.0000,13.2430,14.8569,13.0473,16.6427,16.7430,13.9946,12.9335,13.8927,13.2112,13.8793,13.5219,14.4403,15.7176,17.0000,16.4654,15.3027,17.0000,16.7224,17.0000,16.4654,14.2516,13.9591,13.2650,15.4502,15.7983,14.1020,12.4260,13.1093,13.1093,14.7695,13.3114,13.2650,13.2112,15.9773,12.5617,13.5500,13.2096,13.2113,14.2897,14.8675,15.2158,13.8793,15.5512,16.3857,13.8255,16.3346,12.9137,17.0000,13.3114,13.2112;
16.4328,17.0000,13.2650,16.4328,16.7430,17.0000,16.7224,13.2443,13.2650,16.0548,16.7430,13.1905,13.2650,12.8571,12.9445,12.3982,13.2112,17.0000,13.6223,15.0457,13.1905,13.1093,17.0000,13.8255,13.4683,14.2584,13.9917,15.8081,17.0000,15.7467,13.0422,16.7224,16.2813,12.8523,13.5219,16.3650,16.6427,13.2112,13.2650,12.8931,13.5000,13.6373,12.7852,13.4682,16.7430,16.7430,12.3982,16.7430,16.3841,16.3857,16.7430,13.5000,14.5999,12.7903,16.3857,17.0000,14.2516,13.1905,13.6357,13.4682,13.6223,13.2650,14.1833,15.4606,16.7430,16.7224,15.0457,16.7430,16.4654,16.7430,16.7224,13.9946,13.7021,13.5219,15.1932,15.5413,13.8450,12.1690,12.8523,12.8523,14.5125,13.5684,13.5219,13.4682,16.2343,12.3047,13.2930,13.4666,13.4683,14.5467,15.1244,14.9588,13.6223,15.8081,16.6427,13.5685,16.5916,13.1707,16.7430,13.5684,13.4682;
16.1551,16.7224,12.9873,16.1551,16.4654,16.7224,17.0000,13.5219,12.9873,16.3325,16.4654,13.4682,12.9873,12.5795,12.6669,12.1205,12.9335,16.7224,13.3446,14.7681,13.4682,12.8317,16.7224,13.5478,13.1907,13.9808,13.7141,15.5305,16.7224,16.0243,12.7646,17.0000,16.0037,12.5747,13.2443,16.6427,16.3650,12.9335,12.9873,13.1707,13.2223,13.3596,12.5076,13.1905,16.4654,16.4654,12.1205,16.4654,16.1065,16.1081,16.4654,13.2223,14.3223,12.5127,16.1081,16.7224,13.9739,13.4682,13.3581,13.1905,13.3446,12.9873,13.9056,15.1830,16.4654,17.0000,14.7681,16.4654,16.7430,16.4654,17.0000,13.7169,13.4244,13.2443,14.9156,15.2637,13.5674,11.8914,12.5747,12.5747,14.2348,13.2907,13.2443,13.1905,15.9566,12.0271,13.0154,13.1890,13.1907,14.2690,14.8468,14.6811,13.3446,15.5305,16.3650,13.2908,16.3139,12.8931,16.4654,13.2907,13.1905;
12.6771,13.2443,16.4654,12.6771,12.9873,13.2443,13.5219,17.0000,16.4654,13.5690,12.9873,13.9586,16.4654,14.4710,14.3836,14.3114,13.4239,13.2443,16.1081,14.6846,13.9586,14.0398,13.2443,13.3236,13.7552,14.7889,14.5222,13.1671,13.2443,12.9463,13.3291,13.5219,12.9257,13.7828,16.7224,13.8793,13.6016,13.4239,16.4654,12.8198,12.8714,13.8500,13.0721,13.6809,12.9873,12.9873,14.3114,12.9873,13.3462,13.3446,12.9873,12.8714,15.1304,14.0704,13.3446,13.2443,13.7497,13.9586,13.8516,13.6809,16.1081,16.4654,14.8886,13.3724,12.9873,13.5219,14.6846,12.9873,13.2650,12.9873,13.5219,13.4927,13.1207,16.7224,13.9166,13.7722,15.2269,14.5007,13.7828,13.7828,15.2178,14.2737,16.7224,13.6809,13.5932,14.4060,15.7788,13.6825,13.7552,15.0772,14.2226,14.7715,16.1081,13.1671,13.6016,13.0666,13.2359,12.5422,12.9873,14.2737,13.6809;
13.2117,13.2650,17.0000,13.2117,13.5219,13.2650,12.9873,16.4654,17.0000,13.0344,13.5219,13.4239,17.0000,15.0056,14.9182,14.8460,13.9586,13.2650,16.6427,15.2193,13.4239,14.0605,13.2650,13.3443,13.7759,15.3236,15.0568,13.1877,13.2650,12.9257,13.3498,12.9873,12.9463,14.3174,16.7430,13.3446,13.6223,13.9586,17.0000,12.2852,12.8920,14.3847,13.6068,13.7016,13.5219,13.5219,14.8460,13.5219,13.8808,13.8793,13.5219,12.8920,15.6650,14.6050,13.8793,13.2650,13.7704,13.4239,14.3862,13.7016,16.6427,17.0000,15.4232,13.9071,13.5219,12.9873,15.2193,13.5219,13.2443,13.5219,12.9873,14.0274,13.6553,16.7430,14.4513,14.3068,15.7615,15.0353,14.3174,14.3174,15.7525,14.2944,16.7430,13.7016,13.6138,14.9406,16.3135,13.7031,13.7759,15.0978,14.2432,15.3062,16.6427,13.1877,13.6223,13.6013,13.2565,12.5628,13.5219,14.2944,13.7016;
16.1081,16.0548,13.0344,16.1081,15.7978,16.0548,16.3325,13.5690,13.0344,17.0000,15.7978,13.5152,13.0344,13.2470,13.3344,12.7881,12.9806,16.0548,12.6771,14.1005,13.5152,12.8787,16.0548,12.8803,13.8582,14.6483,14.3816,15.5776,16.0548,15.9773,13.4321,16.3325,15.9566,12.6217,13.2914,16.6898,16.4121,12.9806,13.0344,13.8383,13.8898,13.4067,13.1751,13.2376,15.7978,15.7978,12.7881,15.7978,15.4390,16.1551,15.7978,13.8898,14.3694,12.4656,16.1551,16.0548,13.3064,13.5152,12.6905,13.2376,12.6771,13.0344,13.9527,14.5154,15.7978,16.3325,14.1005,15.7978,16.0755,15.7978,16.3325,13.0494,13.4715,13.2914,14.8685,14.5961,13.6144,12.5589,12.6217,12.6217,14.2819,13.9583,13.2914,13.2376,16.0037,12.6946,12.3479,12.5214,13.8582,14.9366,14.1793,14.7282,12.6771,15.5776,16.4121,12.6233,15.6464,13.5606,15.7978,13.9583,13.2376;
16.6898,16.7430,13.5219,16.6898,17.0000,16.7430,16.4654,12.9873,13.5219,15.7978,17.0000,12.9335,13.5219,13.1141,13.2015,12.6552,13.4682,16.7430,13.8793,15.3027,12.9335,12.8523,16.7430,13.5685,13.2113,14.5154,14.2487,15.5512,16.7430,16.0037,12.7852,16.4654,16.0243,13.1093,13.2650,16.1081,16.3857,13.4682,13.5219,12.6361,13.2430,13.8943,13.0422,13.2112,17.0000,17.0000,12.6552,17.0000,16.6411,16.6427,17.0000,13.2430,14.8569,13.0473,16.6427,16.7430,13.9946,12.9335,13.8927,13.2112,13.8793,13.5219,14.4403,15.7176,17.0000,16.4654,15.3027,17.0000,16.7224,17.0000,16.4654,14.2516,13.9591,13.2650,15.4502,15.7983,14.1020,12.4260,13.1093,13.1093,14.7695,13.3114,13.2650,13.2112,15.9773,12.5617,13.5500,13.2096,13.2113,14.2897,14.8675,15.2158,13.8793,15.5512,16.3857,13.8255,16.3346,12.9137,17.0000,13.3114,13.2112;
12.6233,13.1905,13.4239,12.6233,12.9335,13.1905,13.4682,13.9586,13.4239,13.5152,12.9335,17.0000,13.4239,13.9134,13.6008,13.5921,16.4654,13.1905,13.0666,12.5517,17.0000,16.3635,13.1905,16.3650,14.6622,14.0174,13.7507,14.3824,13.1905,13.3094,15.0883,13.4682,13.2887,16.1065,13.6809,13.8255,13.5478,16.4654,13.4239,14.5790,14.6306,16.0393,14.8314,16.7224,12.9335,12.9335,13.5921,12.9335,12.5747,13.2908,12.9335,14.6306,14.3589,13.1519,13.2908,13.1905,15.9389,17.0000,15.3231,16.7224,13.0666,13.4239,14.3423,13.4982,12.9335,13.4682,12.5517,12.9335,13.2112,12.9335,13.4682,15.6820,13.8285,13.6809,11.7838,12.5487,13.0542,13.2253,16.1065,16.1065,14.6715,14.6247,13.6809,16.7224,13.9563,13.4305,12.7374,16.0062,14.6622,14.3056,15.0661,14.7177,13.0666,14.3824,13.5478,16.1081,13.5990,14.3014,12.9335,14.6247,16.7224;
13.2117,13.2650,17.0000,13.2117,13.5219,13.2650,12.9873,16.4654,17.0000,13.0344,13.5219,13.4239,17.0000,15.0056,14.9182,14.8460,13.9586,13.2650,16.6427,15.2193,13.4239,14.0605,13.2650,13.3443,13.7759,15.3236,15.0568,13.1877,13.2650,12.9257,13.3498,12.9873,12.9463,14.3174,16.7430,13.3446,13.6223,13.9586,17.0000,12.2852,12.8920,14.3847,13.6068,13.7016,13.5219,13.5219,14.8460,13.5219,13.8808,13.8793,13.5219,12.8920,15.6650,14.6050,13.8793,13.2650,13.7704,13.4239,14.3862,13.7016,16.6427,17.0000,15.4232,13.9071,13.5219,12.9873,15.2193,13.5219,13.2443,13.5219,12.9873,14.0274,13.6553,16.7430,14.4513,14.3068,15.7615,15.0353,14.3174,14.3174,15.7525,14.2944,16.7430,13.7016,13.6138,14.9406,16.3135,13.7031,13.7759,15.0978,14.2432,15.3062,16.6427,13.1877,13.6223,13.6013,13.2565,12.5628,13.5219,14.2944,13.7016;
13.4243,12.8571,15.0056,13.4243,13.1141,12.8571,12.5795,14.4710,15.0056,13.2470,13.1141,13.9134,15.0056,17.0000,16.1948,16.1227,14.4480,12.8571,14.6483,13.2249,13.9134,13.8322,12.8571,13.8337,15.7702,14.8184,14.5517,12.7799,12.8571,13.1383,15.3441,12.5795,13.1589,14.0892,14.7487,12.9368,13.2144,14.4480,15.0056,14.2795,14.8864,14.8741,15.6011,14.1910,13.1141,13.1141,16.1227,13.1141,12.7552,13.4714,13.1141,14.8864,14.5395,15.8817,13.4714,12.8571,14.2598,13.9134,14.1580,14.1910,14.6483,15.0056,15.0154,13.6788,13.1141,12.5795,13.2249,13.1141,12.8365,13.1141,12.5795,14.5168,15.0292,14.7487,13.0774,12.3124,14.6359,16.3119,14.0892,14.0892,15.3446,16.2887,14.7487,14.1910,13.2060,16.2172,14.3191,13.4749,15.7702,14.5927,14.7327,14.8983,14.6483,12.7799,13.2144,14.0907,12.8487,14.5572,13.1141,16.2887,14.1910;
13.5118,12.9445,14.9182,13.5118,13.2015,12.9445,12.6669,14.3836,14.9182,13.3344,13.2015,13.6008,14.9182,16.1948,17.0000,16.4536,14.1354,12.9445,14.5609,13.1375,13.6008,14.2373,12.9445,13.5211,15.3835,15.6236,15.3569,12.4673,12.9445,12.8257,14.9574,12.6669,12.8463,14.4943,14.6612,13.0242,13.3019,14.1354,14.9182,13.8928,14.4996,14.5615,15.2144,13.8784,13.2015,13.2015,16.4536,13.2015,13.5604,13.5588,13.2015,14.4996,15.3446,16.1312,13.5588,12.9445,13.9472,13.6008,14.5631,13.8784,14.5609,14.9182,14.2102,14.4839,13.2015,12.6669,13.1375,13.2015,12.9239,13.2015,12.6669,14.2042,14.5610,14.6612,12.9899,12.7176,14.5485,16.2245,14.4943,14.4943,14.5395,15.4836,14.6612,13.8784,12.8934,16.3602,14.2317,13.8800,15.3835,15.3979,14.8201,14.9858,14.5609,12.4673,13.3019,13.7781,12.5361,14.1704,13.2015,15.4836,13.8784;
12.9654,12.3982,14.8460,12.9654,12.6552,12.3982,12.1205,14.3114,14.8460,12.7881,12.6552,13.5921,14.8460,16.1227,16.4536,17.0000,14.1267,12.3982,14.4887,13.0653,13.5921,14.2286,12.3982,13.5124,15.9299,15.0772,14.8105,12.4586,12.3982,12.8170,15.5038,12.1205,12.8376,14.4856,14.5890,12.4778,12.7555,14.1267,14.8460,14.4391,15.0460,14.5528,15.7608,13.8697,12.6552,12.6552,17.0000,12.6552,13.0140,13.0125,12.6552,15.0460,14.7982,16.2552,13.0125,12.3982,13.9385,13.5921,14.5544,13.8697,14.4887,14.8460,14.1381,13.9375,12.6552,12.1205,13.0653,12.6552,12.3775,12.6552,12.1205,14.1955,14.6850,14.5890,12.9178,12.7089,14.4763,16.1523,14.4856,14.4856,14.4673,15.4114,14.5890,13.8697,12.8847,16.6500,14.1595,13.8713,15.9299,14.8515,14.2737,14.4394,14.4887,12.4586,12.7555,13.7694,12.5274,14.7168,12.6552,15.4114,13.8697;
13.1579,13.2112,13.9586,13.1579,13.4682,13.2112,12.9335,13.4239,13.9586,12.9806,13.4682,16.4654,13.9586,14.4480,14.1354,14.1267,17.0000,13.2112,13.6013,13.0864,16.4654,16.3841,13.2112,16.3857,14.6829,14.5520,14.2853,14.4030,13.2112,13.2887,15.1090,12.9335,13.3094,16.6411,13.7016,13.2908,13.5685,17.0000,13.9586,14.0444,14.6512,16.5739,15.3660,16.7430,13.4682,13.4682,14.1267,13.4682,13.1093,13.8255,13.4682,14.6512,14.8935,13.6866,13.8255,13.2112,15.9596,16.4654,15.8577,16.7430,13.6013,13.9586,14.8769,14.0328,13.4682,12.9335,13.0864,13.4682,13.1905,13.4682,12.9335,16.2166,14.3631,13.7016,12.3184,13.0833,13.5889,13.7599,16.6411,16.6411,15.2061,14.6453,13.7016,16.7430,13.9769,13.9652,13.2721,16.0268,14.6829,14.3263,15.0867,15.2524,13.6013,14.4030,13.5685,16.6427,13.6196,14.3220,13.4682,14.6453,16.7430;
16.4328,17.0000,13.2650,16.4328,16.7430,17.0000,16.7224,13.2443,13.2650,16.0548,16.7430,13.1905,13.2650,12.8571,12.9445,12.3982,13.2112,17.0000,13.6223,15.0457,13.1905,13.1093,17.0000,13.8255,13.4683,14.2584,13.9917,15.8081,17.0000,15.7467,13.0422,16.7224,16.2813,12.8523,13.5219,16.3650,16.6427,13.2112,13.2650,12.8931,13.5000,13.6373,12.7852,13.4682,16.7430,16.7430,12.3982,16.7430,16.3841,16.3857,16.7430,13.5000,14.5999,12.7903,16.3857,17.0000,14.2516,13.1905,13.6357,13.4682,13.6223,13.2650,14.1833,15.4606,16.7430,16.7224,15.0457,16.7430,16.4654,16.7430,16.7224,13.9946,13.7021,13.5219,15.1932,15.5413,13.8450,12.1690,12.8523,12.8523,14.5125,13.5684,13.5219,13.4682,16.2343,12.3047,13.2930,13.4666,13.4683,14.5467,15.1244,14.9588,13.6223,15.8081,16.6427,13.5685,16.5916,13.1707,16.7430,13.5684,13.4682;
13.5690,13.6223,16.6427,13.5690,13.8793,13.6223,13.3446,16.1081,16.6427,12.6771,13.8793,13.0666,16.6427,14.6483,14.5609,14.4887,13.6013,13.6223,17.0000,15.5766,13.0666,13.7031,13.6223,13.7016,13.4186,14.9663,14.6995,12.8304,13.6223,13.2830,12.9925,13.3446,13.3036,13.9601,16.3857,12.9873,13.2650,13.6013,16.6427,11.9279,12.5347,14.0274,13.2495,13.3443,13.8793,13.8793,14.4887,13.8793,14.2381,13.5219,13.8793,12.5347,15.3077,14.9623,13.5219,13.6223,14.1277,13.0666,14.7435,13.3443,17.0000,16.6427,15.0659,14.2644,13.8793,13.3446,15.5766,13.8793,13.6016,13.8793,13.3446,14.3847,13.2980,16.3857,14.8086,14.6641,15.4042,14.6780,13.9601,13.9601,15.3952,13.9371,16.3857,13.3443,13.2565,14.5833,16.6708,14.0605,13.4186,14.7405,14.6005,14.9489,17.0000,12.8304,13.2650,13.9586,13.6138,12.2055,13.8793,13.9371,13.3443;
14.9925,15.0457,15.2193,14.9925,15.3027,15.0457,14.7681,14.6846,15.2193,14.1005,15.3027,12.5517,15.2193,13.2249,13.1375,13.0653,13.0864,15.0457,15.5766,17.0000,12.5517,13.1883,15.0457,13.1867,12.9037,14.4514,14.1847,14.2539,15.0457,14.7064,12.4776,14.7681,14.7271,13.4453,14.9623,14.4108,14.6884,13.0864,15.2193,11.4130,12.0199,13.5125,12.7346,12.8294,15.3027,15.3027,13.0653,15.3027,15.6616,14.9454,15.3027,12.0199,14.7928,13.5389,14.9454,15.0457,13.6128,12.5517,14.2287,12.8294,15.5766,15.2193,14.5511,14.7380,15.3027,14.7681,17.0000,15.3027,15.0251,15.3027,14.7681,13.8698,13.7329,14.9623,16.2320,16.0875,14.9305,13.2545,13.4453,13.4453,14.8803,13.4222,14.9623,12.8294,14.6800,13.1599,15.2473,13.5456,12.9037,14.2256,14.0856,14.4340,15.5766,14.2539,14.6884,13.4437,15.0373,11.6906,15.3027,13.4222,12.8294;
12.6233,13.1905,13.4239,12.6233,12.9335,13.1905,13.4682,13.9586,13.4239,13.5152,12.9335,17.0000,13.4239,13.9134,13.6008,13.5921,16.4654,13.1905,13.0666,12.5517,17.0000,16.3635,13.1905,16.3650,14.6622,14.0174,13.7507,14.3824,13.1905,13.3094,15.0883,13.4682,13.2887,16.1065,13.6809,13.8255,13.5478,16.4654,13.4239,14.5790,14.6306,16.0393,14.8314,16.7224,12.9335,12.9335,13.5921,12.9335,12.5747,13.2908,12.9335,14.6306,14.3589,13.1519,13.2908,13.1905,15.9389,17.0000,15.3231,16.7224,13.0666,13.4239,14.3423,13.4982,12.9335,13.4682,12.5517,12.9335,13.2112,12.9335,13.4682,15.6820,13.8285,13.6809,11.7838,12.5487,13.0542,13.2253,16.1065,16.1065,14.6715,14.6247,13.6809,16.7224,13.9563,13.4305,12.7374,16.0062,14.6622,14.3056,15.0661,14.7177,13.0666,14.3824,13.5478,16.1081,13.5990,14.3014,12.9335,14.6247,16.7224;
12.5421,13.1093,14.0605,12.5421,12.8523,13.1093,12.8317,14.0398,14.0605,12.8787,12.8523,16.3635,14.0605,13.8322,14.2373,14.2286,16.3841,13.1093,13.7031,13.1883,16.3635,17.0000,13.1093,16.2838,14.5810,14.6539,14.3872,14.3011,13.1093,12.6729,15.0071,12.8317,13.2075,16.7430,14.3174,13.1890,13.4666,16.3841,14.0605,13.9425,14.5494,15.9580,14.7501,16.6411,12.8523,12.8523,14.2286,12.8523,13.2112,13.2096,12.8523,14.5494,14.9954,13.7884,13.2096,13.1093,15.8577,16.3635,15.9596,16.6411,13.7031,14.0605,14.2610,14.1347,12.8523,12.8317,13.1883,12.8523,12.5747,12.8523,12.8317,15.6007,13.7473,14.3174,12.4203,13.1852,13.6907,13.8618,16.7430,16.7430,14.5903,14.5434,14.3174,16.6411,13.8750,14.0670,13.3739,16.6427,14.5810,14.9422,14.9849,14.6365,13.7031,14.3011,13.4666,16.0268,13.5177,14.2202,12.8523,14.5434,16.6411;
16.4328,17.0000,13.2650,16.4328,16.7430,17.0000,16.7224,13.2443,13.2650,16.0548,16.7430,13.1905,13.2650,12.8571,12.9445,12.3982,13.2112,17.0000,13.6223,15.0457,13.1905,13.1093,17.0000,13.8255,13.4683,14.2584,13.9917,15.8081,17.0000,15.7467,13.0422,16.7224,16.2813,12.8523,13.5219,16.3650,16.6427,13.2112,13.2650,12.8931,13.5000,13.6373,12.7852,13.4682,16.7430,16.7430,12.3982,16.7430,16.3841,16.3857,16.7430,13.5000,14.5999,12.7903,16.3857,17.0000,14.2516,13.1905,13.6357,13.4682,13.6223,13.2650,14.1833,15.4606,16.7430,16.7224,15.0457,16.7430,16.4654,16.7430,16.7224,13.9946,13.7021,13.5219,15.1932,15.5413,13.8450,12.1690,12.8523,12.8523,14.5125,13.5684,13.5219,13.4682,16.2343,12.3047,13.2930,13.4666,13.4683,14.5467,15.1244,14.9588,13.6223,15.8081,16.6427,13.5685,16.5916,13.1707,16.7430,13.5684,13.4682;
13.2583,13.8255,13.3443,13.2583,13.5685,13.8255,13.5478,13.3236,13.3443,12.8803,13.5685,16.3650,13.3443,13.8337,13.5211,13.5124,16.3857,13.8255,13.7016,13.1867,16.3650,16.2838,13.8255,17.0000,14.5826,13.9377,13.6710,14.3027,13.8255,13.3891,15.0087,13.5478,13.9237,16.0268,13.6013,13.1905,13.4682,16.3857,13.3443,13.9441,14.5509,15.9596,14.7517,16.6427,13.5685,13.5685,13.5124,13.5685,13.2096,13.2112,13.5685,14.5509,14.2792,13.7869,13.2112,13.8255,16.5739,16.3650,15.9580,16.6427,13.7016,13.3443,14.2626,14.1331,13.5685,13.5478,13.1867,13.5685,13.2908,13.5685,13.5478,16.3169,13.7488,13.6013,12.4187,13.1837,12.9746,13.1456,16.0268,16.0268,14.5918,14.5450,13.6013,16.6427,13.8766,13.3509,13.3724,16.6411,14.5826,14.2260,15.7010,14.6381,13.7016,14.3027,13.4682,16.7430,14.2339,14.2217,13.5685,14.5450,16.6427;
13.5215,13.4683,13.7759,13.5215,13.2113,13.4683,13.1907,13.7552,13.7759,13.8582,13.2113,14.6622,13.7759,15.7702,15.3835,15.9299,14.6829,13.4683,13.4186,12.9037,14.6622,14.5810,13.4683,14.5826,17.0000,14.9156,14.6489,13.5288,13.4683,13.3731,16.5739,13.1907,13.9078,14.3240,14.0329,13.5480,13.8256,14.6829,13.7759,15.5093,16.1161,15.1090,16.3169,14.9399,13.2113,13.2113,15.9299,13.2113,12.8524,13.5686,13.2113,16.1161,14.6367,15.1851,13.5686,13.4683,15.0087,14.6622,14.3928,14.9399,13.4186,13.7759,14.6942,13.7760,13.2113,13.1907,12.9037,13.2113,12.9337,13.2113,13.1907,14.7517,15.2412,14.0329,12.7562,12.5473,13.4062,15.0822,14.3240,14.3240,15.0234,16.4815,14.0329,14.9399,13.9549,15.5799,13.0894,14.2237,17.0000,15.2039,15.3439,14.9955,13.4186,13.5288,13.8256,14.3256,13.5976,15.7869,13.2113,16.4815,14.9399;
14.8257,14.2584,15.3236,14.8257,14.5154,14.2584,13.9808,14.7889,15.3236,14.6483,14.5154,14.0174,15.3236,14.8184,15.6236,15.0772,14.5520,14.2584,14.9663,14.4514,14.0174,14.6539,14.2584,13.9377,14.9156,17.0000,16.7333,13.7812,14.2584,14.1396,14.4895,13.9808,14.1602,14.9109,15.0666,14.3381,14.6158,14.5520,15.3236,13.4874,14.0318,14.9781,14.7465,14.2950,14.5154,14.5154,15.0772,14.5154,14.8743,14.8727,14.5154,14.0318,16.6585,14.7548,14.8727,14.2584,14.3638,14.0174,14.9797,14.2950,14.9663,15.3236,15.5866,14.9005,14.5154,13.9808,14.4514,14.5154,14.2378,14.5154,13.9808,14.6208,14.1557,15.0666,14.3038,14.0315,15.0164,14.9106,14.9109,14.9109,15.8534,15.0157,15.0666,14.2950,14.2073,14.9838,14.6995,14.2966,14.9156,16.7118,15.2367,16.2997,14.9663,13.7812,14.6158,14.1947,13.8500,13.7651,14.5154,15.0157,14.2950;
14.5589,13.9917,15.0568,14.5589,14.2487,13.9917,13.7141,14.5222,15.0568,14.3816,14.2487,13.7507,15.0568,14.5517,15.3569,14.8105,14.2853,13.9917,14.6995,14.1847,13.7507,14.3872,13.9917,13.6710,14.6489,16.7333,17.0000,13.5145,13.9917,13.8729,14.2228,13.7141,13.8935,14.6442,14.7998,14.0714,14.3490,14.2853,15.0568,13.7541,13.7651,14.7114,14.4798,14.0283,14.2487,14.2487,14.8105,14.2487,14.6076,14.6060,14.2487,13.7651,16.3918,14.4881,14.6060,13.9917,14.0971,13.7507,14.7130,14.0283,14.6995,15.0568,15.8534,14.6338,14.2487,13.7141,14.1847,14.2487,13.9711,14.2487,13.7141,14.3541,14.4224,14.7998,14.0371,13.7648,15.2831,15.1773,14.6442,14.6442,15.5866,14.7490,14.7998,14.0283,13.9406,14.7171,14.9663,14.0299,14.6489,16.4450,14.9700,16.0329,14.6995,13.5145,14.3490,13.9280,13.5833,14.0318,14.2487,14.7490,14.0283;
15.2409,15.8081,13.1877,15.2409,15.5512,15.8081,15.5305,13.1671,13.1877,15.5776,15.5512,14.3824,13.1877,12.7799,12.4673,12.4586,14.4030,15.8081,12.8304,14.2539,14.3824,14.3011,15.8081,14.3027,13.5288,13.7812,13.5145,17.0000,15.8081,15.3717,13.9549,15.5305,15.9064,14.0442,13.4447,15.8878,16.1655,14.4030,13.1877,13.8058,14.4126,13.9769,13.6979,14.6600,15.5512,15.5512,12.4586,15.5512,15.1923,15.9085,15.5512,14.4126,14.1227,12.0184,15.9085,15.8081,13.8766,14.3824,13.2607,14.6600,12.8304,13.1877,14.1061,14.2688,15.5512,15.5305,14.2539,15.5512,15.2735,15.5512,15.5305,13.6196,13.6448,13.4447,14.4014,15.1663,13.7678,12.0918,14.0442,14.0442,14.4353,13.4912,13.4447,14.6600,16.5739,12.2970,12.5012,13.9438,13.5288,14.0695,13.9326,14.4815,12.8304,17.0000,16.1655,14.0457,16.2166,14.0834,15.5512,13.4912,14.6600;
16.4328,17.0000,13.2650,16.4328,16.7430,17.0000,16.7224,13.2443,13.2650,16.0548,16.7430,13.1905,13.2650,12.8571,12.9445,12.3982,13.2112,17.0000,13.6223,15.0457,13.1905,13.1093,17.0000,13.8255,13.4683,14.2584,13.9917,15.8081,17.0000,15.7467,13.0422,16.7224,16.2813,12.8523,13.5219,16.3650,16.6427,13.2112,13.2650,12.8931,13.5000,13.6373,12.7852,13.4682,16.7430,16.7430,12.3982,16.7430,16.3841,16.3857,16.7430,13.5000,14.5999,12.7903,16.3857,17.0000,14.2516,13.1905,13.6357,13.4682,13.6223,13.2650,14.1833,15.4606,16.7430,16.7224,15.0457,16.7430,16.4654,16.7430,16.7224,13.9946,13.7021,13.5219,15.1932,15.5413,13.8450,12.1690,12.8523,12.8523,14.5125,13.5684,13.5219,13.4682,16.2343,12.3047,13.2930,13.4666,13.4683,14.5467,15.1244,14.9588,13.6223,15.8081,16.6427,13.5685,16.5916,13.1707,16.7430,13.5684,13.4682;
16.3139,15.7467,12.9257,16.3139,16.0037,15.7467,16.0243,12.9463,12.9257,15.9773,16.0037,13.3094,12.9257,13.1383,12.8257,12.8170,13.2887,15.7467,13.2830,14.7064,13.3094,12.6729,15.7467,13.3891,13.3731,14.1396,13.8729,15.3717,15.7467,17.0000,12.9470,16.0243,16.4654,12.9299,12.6687,15.6670,15.3894,13.2887,12.9257,13.3532,13.4048,13.7148,13.2040,13.0317,16.0037,16.0037,12.8170,16.0037,15.6448,15.6464,16.0037,13.4048,13.8606,13.0914,15.6464,15.7467,13.8152,13.3094,13.7133,13.0317,13.2830,12.9257,13.8440,14.7213,16.0037,16.0243,14.7064,16.0037,16.2813,16.0037,16.0243,14.0721,13.3827,12.6687,15.4744,15.6189,13.5057,12.4502,12.9299,12.9299,14.1732,13.3356,12.6687,13.0317,15.7978,12.6554,12.9538,13.0302,13.3731,13.9138,13.8711,14.2195,13.2830,15.3717,15.3894,13.6460,16.1551,13.0756,16.0037,13.3356,13.0317;
13.0954,13.0422,13.3498,13.0954,12.7852,13.0422,12.7646,13.3291,13.3498,13.4321,12.7852,15.0883,13.3498,15.3441,14.9574,15.5038,15.1090,13.0422,12.9925,12.4776,15.0883,15.0071,13.0422,15.0087,16.5739,14.4895,14.2228,13.9549,13.0422,12.9470,17.0000,12.7646,13.4817,14.7501,13.6068,13.1219,13.3995,15.1090,13.3498,15.9354,16.5423,14.6829,16.7430,15.3660,12.7852,12.7852,15.5038,12.7852,12.4263,13.1425,12.7852,16.5423,14.2106,14.7590,13.1425,13.0422,14.5826,15.0883,13.9667,15.3660,12.9925,13.3498,14.2681,13.3499,12.7852,12.7646,12.4776,12.7852,12.5076,12.7852,12.7646,14.3256,14.8151,13.6068,12.3301,12.1212,12.9801,14.6561,14.7501,14.7501,14.5973,16.0554,13.6068,15.3660,13.5288,15.1538,12.6633,14.6498,16.5739,14.7778,14.9178,14.5694,12.9925,13.9549,13.3995,14.7517,13.1715,16.2130,12.7852,16.0554,15.3660;
16.1551,16.7224,12.9873,16.1551,16.4654,16.7224,17.0000,13.5219,12.9873,16.3325,16.4654,13.4682,12.9873,12.5795,12.6669,12.1205,12.9335,16.7224,13.3446,14.7681,13.4682,12.8317,16.7224,13.5478,13.1907,13.9808,13.7141,15.5305,16.7224,16.0243,12.7646,17.0000,16.0037,12.5747,13.2443,16.6427,16.3650,12.9335,12.9873,13.1707,13.2223,13.3596,12.5076,13.1905,16.4654,16.4654,12.1205,16.4654,16.1065,16.1081,16.4654,13.2223,14.3223,12.5127,16.1081,16.7224,13.9739,13.4682,13.3581,13.1905,13.3446,12.9873,13.9056,15.1830,16.4654,17.0000,14.7681,16.4654,16.7430,16.4654,17.0000,13.7169,13.4244,13.2443,14.9156,15.2637,13.5674,11.8914,12.5747,12.5747,14.2348,13.2907,13.2443,13.1905,15.9566,12.0271,13.0154,13.1890,13.1907,14.2690,14.8468,14.6811,13.3446,15.5305,16.3650,13.2908,16.3139,12.8931,16.4654,13.2907,13.1905;
16.3346,16.2813,12.9463,16.3346,16.0243,16.2813,16.0037,12.9257,12.9463,15.9566,16.0243,13.2887,12.9463,13.1589,12.8463,12.8376,13.3094,16.2813,13.3036,14.7271,13.2887,13.2075,16.2813,13.9237,13.9078,14.1602,13.8935,15.9064,16.2813,16.4654,13.4817,16.0037,17.0000,12.9505,13.2033,15.6464,15.9240,13.3094,12.9463,13.3326,13.9394,13.7355,13.2247,13.5664,16.0243,16.0243,12.8376,16.0243,15.6655,15.6670,16.0243,13.9394,13.8813,13.1121,15.6670,16.2813,14.3498,13.2887,13.7339,13.5664,13.3036,12.9463,13.8646,14.7419,16.0243,16.0037,14.7271,16.0243,15.7467,16.0243,16.0037,14.0928,13.4034,13.2033,15.4950,15.6395,13.5264,12.4708,12.9505,12.9505,14.1939,13.8702,13.2033,13.5664,16.3325,12.6761,12.9744,13.5648,13.9078,14.4485,14.4058,14.2401,13.3036,15.9064,15.9240,13.6667,16.6898,13.6102,16.0243,13.8702,13.5664;
12.7991,12.8523,14.3174,12.7991,13.1093,12.8523,12.5747,13.7828,14.3174,12.6217,13.1093,16.1065,14.3174,14.0892,14.4943,14.4856,16.6411,12.8523,13.9601,13.4453,16.1065,16.7430,12.8523,16.0268,14.3240,14.9109,14.6442,14.0442,12.8523,12.9299,14.7501,12.5747,12.9505,17.0000,14.0605,12.9320,13.2096,16.6411,14.3174,13.6855,14.2924,16.2150,15.0071,16.3841,13.1093,13.1093,14.4856,13.1093,13.4682,13.4666,13.1093,14.2924,15.2524,14.0454,13.4666,12.8523,15.6007,16.1065,16.2166,16.3841,13.9601,14.3174,14.5180,14.3917,13.1093,12.5747,13.4453,13.1093,12.8317,13.1093,12.5747,15.8577,14.0043,14.0605,12.6773,13.4422,13.9477,14.1188,17.0000,17.0000,14.8472,14.2864,14.0605,16.3841,13.6181,14.3240,13.6309,16.3857,14.3240,14.6852,14.7279,14.8935,13.9601,14.0442,13.2096,16.2838,13.2607,13.9632,13.1093,14.2864,16.3841;
12.9547,13.5219,16.7430,12.9547,13.2650,13.5219,13.2443,16.7224,16.7430,13.2914,13.2650,13.6809,16.7430,14.7487,14.6612,14.5890,13.7016,13.5219,16.3857,14.9623,13.6809,14.3174,13.5219,13.6013,14.0329,15.0666,14.7998,13.4447,13.5219,12.6687,13.6068,13.2443,13.2033,14.0605,17.0000,13.6016,13.8793,13.7016,16.7430,12.5422,13.1490,14.1277,13.3498,13.9586,13.2650,13.2650,14.5890,13.2650,13.6238,13.6223,13.2650,13.1490,15.4080,14.3480,13.6223,13.5219,14.0274,13.6809,14.1292,13.9586,16.3857,16.7430,15.1663,13.6501,13.2650,13.2443,14.9623,13.2650,12.9873,13.2650,13.2443,13.7704,13.3983,17.0000,14.1943,14.0498,15.5045,14.7783,14.0605,14.0605,15.4955,14.5514,17.0000,13.9586,13.8708,14.6836,16.0565,13.9601,14.0329,15.3548,14.5002,15.0492,16.3857,13.4447,13.8793,13.3443,13.5135,12.8198,13.2650,14.5514,13.9586;
15.7978,16.3650,13.3446,15.7978,16.1081,16.3650,16.6427,13.8793,13.3446,16.6898,16.1081,13.8255,13.3446,12.9368,13.0242,12.4778,13.2908,16.3650,12.9873,14.4108,13.8255,13.1890,16.3650,13.1905,13.5480,14.3381,14.0714,15.8878,16.3650,15.6670,13.1219,16.6427,15.6464,12.9320,13.6016,17.0000,16.7224,13.2908,13.3446,13.5280,13.5796,13.7169,12.8649,13.5478,16.1081,16.1081,12.4778,16.1081,15.7492,16.4654,16.1081,13.5796,14.6796,12.1554,16.4654,16.3650,13.6166,13.8255,13.0008,13.5478,12.9873,13.3446,14.2629,14.8257,16.1081,16.6427,14.4108,16.1081,16.3857,16.1081,16.6427,13.3596,13.7817,13.6016,14.5583,14.9064,13.9247,12.2487,12.9320,12.9320,14.5922,13.6481,13.6016,13.5478,16.3139,12.3844,12.6581,12.8317,13.5480,14.6264,14.4895,15.0385,12.9873,15.8878,16.7224,12.9335,15.9566,13.2504,16.1081,13.6481,13.5478;
16.0755,16.6427,13.6223,16.0755,16.3857,16.6427,16.3650,13.6016,13.6223,16.4121,16.3857,13.5478,13.6223,13.2144,13.3019,12.7555,13.5685,16.6427,13.2650,14.6884,13.5478,13.4666,16.6427,13.4682,13.8256,14.6158,14.3490,16.1655,16.6427,15.3894,13.3995,16.3650,15.9240,13.2096,13.8793,16.7224,17.0000,13.5685,13.6223,13.2504,13.8573,13.9946,13.1425,13.8255,16.3857,16.3857,12.7555,16.3857,16.0268,16.7430,16.3857,13.8573,14.9572,12.4330,16.7430,16.6427,13.8943,13.5478,13.2784,13.8255,13.2650,13.6223,14.5406,15.1033,16.3857,16.3650,14.6884,16.3857,16.1081,16.3857,16.3650,13.6373,14.0594,13.8793,14.8359,15.1840,14.2023,12.5263,13.2096,13.2096,14.8698,13.9257,13.8793,13.8255,16.5916,12.6621,12.9357,13.1093,13.8256,14.9040,14.7671,15.3161,13.2650,16.1655,17.0000,13.2112,16.2343,13.5280,16.3857,13.9257,13.8255;
13.1579,13.2112,13.9586,13.1579,13.4682,13.2112,12.9335,13.4239,13.9586,12.9806,13.4682,16.4654,13.9586,14.4480,14.1354,14.1267,17.0000,13.2112,13.6013,13.0864,16.4654,16.3841,13.2112,16.3857,14.6829,14.5520,14.2853,14.4030,13.2112,13.2887,15.1090,12.9335,13.3094,16.6411,13.7016,13.2908,13.5685,17.0000,13.9586,14.0444,14.6512,16.5739,15.3660,16.7430,13.4682,13.4682,14.1267,13.4682,13.1093,13.8255,13.4682,14.6512,14.8935,13.6866,13.8255,13.2112,15.9596,16.4654,15.8577,16.7430,13.6013,13.9586,14.8769,14.0328,13.4682,12.9335,13.0864,13.4682,13.1905,13.4682,12.9335,16.2166,14.3631,13.7016,12.3184,13.0833,13.5889,13.7599,16.6411,16.6411,15.2061,14.6453,13.7016,16.7430,13.9769,13.9652,13.2721,16.0268,14.6829,14.3263,15.0867,15.2524,13.6013,14.4030,13.5685,16.6427,13.6196,14.3220,13.4682,14.6453,16.7430;
13.2117,13.2650,17.0000,13.2117,13.5219,13.2650,12.9873,16.4654,17.0000,13.0344,13.5219,13.4239,17.0000,15.0056,14.9182,14.8460,13.9586,13.2650,16.6427,15.2193,13.4239,14.0605,13.2650,13.3443,13.7759,15.3236,15.0568,13.1877,13.2650,12.9257,13.3498,12.9873,12.9463,14.3174,16.7430,13.3446,13.6223,13.9586,17.0000,12.2852,12.8920,14.3847,13.6068,13.7016,13.5219,13.5219,14.8460,13.5219,13.8808,13.8793,13.5219,12.8920,15.6650,14.6050,13.8793,13.2650,13.7704,13.4239,14.3862,13.7016,16.6427,17.0000,15.4232,13.9071,13.5219,12.9873,15.2193,13.5219,13.2443,13.5219,12.9873,14.0274,13.6553,16.7430,14.4513,14.3068,15.7615,15.0353,14.3174,14.3174,15.7525,14.2944,16.7430,13.7016,13.6138,14.9406,16.3135,13.7031,13.7759,15.0978,14.2432,15.3062,16.6427,13.1877,13.6223,13.6013,13.2565,12.5628,13.5219,14.2944,13.7016;
12.9463,12.8931,12.2852,12.9463,12.6361,12.8931,13.1707,12.8198,12.2852,13.8383,12.6361,14.5790,12.2852,14.2795,13.8928,14.4391,14.0444,12.8931,11.9279,11.4130,14.5790,13.9425,12.8931,13.9441,15.5093,13.4874,13.7541,13.8058,12.8931,13.3532,15.9354,13.1707,13.3326,13.6855,12.5422,13.5280,13.2504,14.0444,12.2852,17.0000,16.3931,13.6183,15.6784,14.3014,12.6361,12.6361,14.4391,12.6361,12.2772,12.9934,12.6361,16.3931,13.1460,13.6943,12.9934,12.8931,13.5180,14.5790,12.9021,14.3014,11.9279,12.2852,13.8619,13.2008,12.6361,13.1707,11.4130,12.6361,12.9137,12.6361,13.1707,13.2610,14.4089,12.5422,12.1810,11.9721,12.5739,14.2499,13.6855,13.6855,13.5327,14.9908,12.5422,14.3014,13.3797,14.0891,12.2571,13.5852,15.5093,13.7132,13.8531,13.5048,11.9279,13.8058,13.2504,13.6871,13.0223,16.7224,12.6361,14.9908,14.3014;
13.5532,13.5000,12.8920,13.5532,13.2430,13.5000,13.2223,12.8714,12.8920,13.8898,13.2430,14.6306,12.8920,14.8864,14.4996,15.0460,14.6512,13.5000,12.5347,12.0199,14.6306,14.5494,13.5000,14.5509,16.1161,14.0318,13.7651,14.4126,13.5000,13.4048,16.5423,13.2223,13.9394,14.2924,13.1490,13.5796,13.8573,14.6512,12.8920,16.3931,17.0000,14.2251,16.2853,14.9082,13.2430,13.2430,15.0460,13.2430,12.8841,13.6003,13.2430,17.0000,13.7528,14.3012,13.6003,13.5000,14.1248,14.6306,13.5090,14.9082,12.5347,12.8920,13.8104,13.8076,13.2430,13.2223,12.0199,13.2430,12.9653,13.2430,13.2223,13.8678,14.3573,13.1490,12.7878,12.5790,12.5223,14.1983,14.2924,14.2924,14.1396,15.5977,13.1490,14.9082,13.9865,14.6960,12.2055,14.1921,16.1161,14.3200,14.4600,14.1117,12.5347,14.4126,13.8573,14.2939,13.6292,16.6708,13.2430,15.5977,14.9082;
13.5840,13.6373,14.3847,13.5840,13.8943,13.6373,13.3596,13.8500,14.3847,13.4067,13.8943,16.0393,14.3847,14.8741,14.5615,14.5528,16.5739,13.6373,14.0274,13.5125,16.0393,15.9580,13.6373,15.9596,15.1090,14.9781,14.7114,13.9769,13.6373,13.7148,14.6829,13.3596,13.7355,16.2150,14.1277,13.7169,13.9946,16.5739,14.3847,13.6183,14.2251,17.0000,14.9399,16.3169,13.8943,13.8943,14.5528,13.8943,13.5354,14.2516,13.8943,14.2251,15.3196,14.1127,14.2516,13.6373,16.3857,16.0393,16.2838,16.3169,14.0274,14.3847,15.3030,14.4589,13.8943,13.3596,13.5125,13.8943,13.6166,13.8943,13.3596,16.6427,14.7892,14.1277,12.7445,13.5095,14.0150,14.1860,16.2150,16.2150,15.6322,15.0714,14.1277,16.3169,14.4030,14.3913,13.6982,15.6007,15.1090,14.7524,15.5128,15.6785,14.0274,13.9769,13.9946,16.2166,14.0457,13.8959,13.8943,15.0714,16.3169;
13.3524,12.7852,13.6068,13.3524,13.0422,12.7852,12.5076,13.0721,13.6068,13.1751,13.0422,14.8314,13.6068,15.6011,15.2144,15.7608,15.3660,12.7852,13.2495,12.7346,14.8314,14.7501,12.7852,14.7517,16.3169,14.7465,14.4798,13.6979,12.7852,13.2040,16.7430,12.5076,13.2247,15.0071,13.3498,12.8649,13.1425,15.3660,13.6068,15.6784,16.2853,14.9399,17.0000,15.1090,13.0422,13.0422,15.7608,13.0422,12.6833,13.3995,13.0422,16.2853,14.4676,15.0159,13.3995,12.7852,14.3256,14.8314,14.2237,15.1090,13.2495,13.6068,14.5251,13.6069,13.0422,12.5076,12.7346,13.0422,12.7646,13.0422,12.5076,14.5826,15.0721,13.3498,12.5871,12.3782,13.2371,14.9131,15.0071,15.0071,14.8543,15.7984,13.3498,15.1090,13.2718,15.4108,12.9203,14.3928,16.3169,14.5208,14.6608,14.8264,13.2495,13.6979,13.1425,15.0087,12.9145,15.9560,13.0422,15.7984,15.1090;
12.9009,13.4682,13.7016,12.9009,13.2112,13.4682,13.1905,13.6809,13.7016,13.2376,13.2112,16.7224,13.7016,14.1910,13.8784,13.8697,16.7430,13.4682,13.3443,12.8294,16.7224,16.6411,13.4682,16.6427,14.9399,14.2950,14.0283,14.6600,13.4682,13.0317,15.3660,13.1905,13.5664,16.3841,13.9586,13.5478,13.8255,16.7430,13.7016,14.3014,14.9082,16.3169,15.1090,17.0000,13.2112,13.2112,13.8697,13.2112,12.8523,13.5685,13.2112,14.9082,14.6365,13.4296,13.5685,13.4682,16.2166,16.7224,15.6007,17.0000,13.3443,13.7016,14.6199,13.7758,13.2112,13.1905,12.8294,13.2112,12.9335,13.2112,13.1905,15.9596,14.1062,13.9586,12.0614,12.8264,13.3319,13.5029,16.3841,16.3841,14.9491,14.9023,13.9586,17.0000,14.2339,13.7082,13.0151,16.2838,14.9399,14.5833,15.3437,14.9954,13.3443,14.6600,13.8255,16.3857,13.8766,14.5790,13.2112,14.9023,17.0000;
16.6898,16.7430,13.5219,16.6898,17.0000,16.7430,16.4654,12.9873,13.5219,15.7978,17.0000,12.9335,13.5219,13.1141,13.2015,12.6552,13.4682,16.7430,13.8793,15.3027,12.9335,12.8523,16.7430,13.5685,13.2113,14.5154,14.2487,15.5512,16.7430,16.0037,12.7852,16.4654,16.0243,13.1093,13.2650,16.1081,16.3857,13.4682,13.5219,12.6361,13.2430,13.8943,13.0422,13.2112,17.0000,17.0000,12.6552,17.0000,16.6411,16.6427,17.0000,13.2430,14.8569,13.0473,16.6427,16.7430,13.9946,12.9335,13.8927,13.2112,13.8793,13.5219,14.4403,15.7176,17.0000,16.4654,15.3027,17.0000,16.7224,17.0000,16.4654,14.2516,13.9591,13.2650,15.4502,15.7983,14.1020,12.4260,13.1093,13.1093,14.7695,13.3114,13.2650,13.2112,15.9773,12.5617,13.5500,13.2096,13.2113,14.2897,14.8675,15.2158,13.8793,15.5512,16.3857,13.8255,16.3346,12.9137,17.0000,13.3114,13.2112;
16.6898,16.7430,13.5219,16.6898,17.0000,16.7430,16.4654,12.9873,13.5219,15.7978,17.0000,12.9335,13.5219,13.1141,13.2015,12.6552,13.4682,16.7430,13.8793,15.3027,12.9335,12.8523,16.7430,13.5685,13.2113,14.5154,14.2487,15.5512,16.7430,16.0037,12.7852,16.4654,16.0243,13.1093,13.2650,16.1081,16.3857,13.4682,13.5219,12.6361,13.2430,13.8943,13.0422,13.2112,17.0000,17.0000,12.6552,17.0000,16.6411,16.6427,17.0000,13.2430,14.8569,13.0473,16.6427,16.7430,13.9946,12.9335,13.8927,13.2112,13.8793,13.5219,14.4403,15.7176,17.0000,16.4654,15.3027,17.0000,16.7224,17.0000,16.4654,14.2516,13.9591,13.2650,15.4502,15.7983,14.1020,12.4260,13.1093,13.1093,14.7695,13.3114,13.2650,13.2112,15.9773,12.5617,13.5500,13.2096,13.2113,14.2897,14.8675,15.2158,13.8793,15.5512,16.3857,13.8255,16.3346,12.9137,17.0000,13.3114,13.2112;
12.9654,12.3982,14.8460,12.9654,12.6552,12.3982,12.1205,14.3114,14.8460,12.7881,12.6552,13.5921,14.8460,16.1227,16.4536,17.0000,14.1267,12.3982,14.4887,13.0653,13.5921,14.2286,12.3982,13.5124,15.9299,15.0772,14.8105,12.4586,12.3982,12.8170,15.5038,12.1205,12.8376,14.4856,14.5890,12.4778,12.7555,14.1267,14.8460,14.4391,15.0460,14.5528,15.7608,13.8697,12.6552,12.6552,17.0000,12.6552,13.0140,13.0125,12.6552,15.0460,14.7982,16.2552,13.0125,12.3982,13.9385,13.5921,14.5544,13.8697,14.4887,14.8460,14.1381,13.9375,12.6552,12.1205,13.0653,12.6552,12.3775,12.6552,12.1205,14.1955,14.6850,14.5890,12.9178,12.7089,14.4763,16.1523,14.4856,14.4856,14.4673,15.4114,14.5890,13.8697,12.8847,16.6500,14.1595,13.8713,15.9299,14.8515,14.2737,14.4394,14.4887,12.4586,12.7555,13.7694,12.5274,14.7168,12.6552,15.4114,13.8697;
16.6898,16.7430,13.5219,16.6898,17.0000,16.7430,16.4654,12.9873,13.5219,15.7978,17.0000,12.9335,13.5219,13.1141,13.2015,12.6552,13.4682,16.7430,13.8793,15.3027,12.9335,12.8523,16.7430,13.5685,13.2113,14.5154,14.2487,15.5512,16.7430,16.0037,12.7852,16.4654,16.0243,13.1093,13.2650,16.1081,16.3857,13.4682,13.5219,12.6361,13.2430,13.8943,13.0422,13.2112,17.0000,17.0000,12.6552,17.0000,16.6411,16.6427,17.0000,13.2430,14.8569,13.0473,16.6427,16.7430,13.9946,12.9335,13.8927,13.2112,13.8793,13.5219,14.4403,15.7176,17.0000,16.4654,15.3027,17.0000,16.7224,17.0000,16.4654,14.2516,13.9591,13.2650,15.4502,15.7983,14.1020,12.4260,13.1093,13.1093,14.7695,13.3114,13.2650,13.2112,15.9773,12.5617,13.5500,13.2096,13.2113,14.2897,14.8675,15.2158,13.8793,15.5512,16.3857,13.8255,16.3346,12.9137,17.0000,13.3114,13.2112;
16.3309,16.3841,13.8808,16.3309,16.6411,16.3841,16.1065,13.3462,13.8808,15.4390,16.6411,12.5747,13.8808,12.7552,13.5604,13.0140,13.1093,16.3841,14.2381,15.6616,12.5747,13.2112,16.3841,13.2096,12.8524,14.8743,14.6076,15.1923,16.3841,15.6448,12.4263,16.1065,15.6655,13.4682,13.6238,15.7492,16.0268,13.1093,13.8808,12.2772,12.8841,13.5354,12.6833,12.8523,16.6411,16.6411,13.0140,16.6411,17.0000,16.2838,16.6411,12.8841,15.2158,13.4062,16.2838,16.3841,13.6357,12.5747,14.2516,12.8523,14.2381,13.8808,14.0814,16.0765,16.6411,16.1065,15.6616,16.6411,16.3635,16.6411,16.1065,13.8927,13.6002,13.6238,15.8091,16.1572,14.4609,12.7849,13.4682,13.4682,14.4106,12.9525,13.6238,12.8523,15.6184,12.9206,13.9089,13.5685,12.8524,14.6486,14.5086,14.8569,14.2381,15.1923,16.0268,13.4666,15.9757,12.5549,16.6411,12.9525,12.8523;
