SimGraph=[
17.0000,15.4343,13.0545,16.0448,15.7571,15.4343,15.2140,12.5114,13.0545,15.1795,15.7571,12.5050,13.0545,13.3307,13.6094,12.9161,13.0481,15.4343,13.3767,14.2847,12.5050,12.4127,15.4343,13.0475,13.1738,14.4562,14.2831,14.2683,15.4343,15.2613,12.8933,15.2140,15.1587,12.7356,12.7317,14.8918,15.1121,13.0481,13.0545,12.8214,13.2147,13.3286,13.2161,12.7253,15.7571,15.7571,12.9161,15.7571,15.4446,15.4350,15.7571,13.2147,14.1610,13.1385,15.4350,15.4343,13.3280,12.5050,13.3383,12.7253,13.3767,13.0545,13.7093,14.8057,15.7571,15.2140,14.2847,15.7571,15.5369,15.7571,15.2140,13.6508,13.2566,12.7317,14.8938,14.6341,13.4492,12.8451,12.7356,12.7356,13.8823,13.2759,12.7317,12.7253,14.5488,12.7908,13.2037,12.7349,13.1738,14.1258,14.1545,14.4735,13.3767,14.2683,15.1121,13.3703,14.8710,13.0416,15.7571,13.2759,12.7253;
15.4343,17.0000,13.0194,15.4343,15.7220,16.0448,15.8246,13.1220,13.0194,15.2147,15.7220,13.1156,13.0194,12.7202,12.9988,12.3055,13.0130,16.0448,13.3416,14.2496,13.1156,13.0233,16.0448,13.6580,13.2089,13.8456,13.6726,14.8789,16.0448,14.6508,12.9284,15.8246,15.1939,12.7004,13.3422,15.5024,15.7226,13.0130,13.0194,12.8565,13.2498,13.2935,12.6056,13.3358,15.7220,15.7220,12.3055,15.7220,15.4094,15.3998,15.7220,13.2498,14.1258,12.5279,15.3998,16.0448,13.9385,13.1156,13.3031,13.3358,13.3416,13.0194,13.6741,14.7706,15.7220,15.8246,14.2496,15.7220,15.5017,15.7220,15.8246,13.6157,13.2214,13.3422,14.2833,14.5990,13.4141,12.2346,12.7004,12.7004,13.8471,13.3110,13.3422,13.3358,15.1594,12.1803,13.1685,13.3455,13.2089,14.1610,14.7651,14.4384,13.3416,14.8789,15.7226,13.3351,15.4816,13.0768,15.7220,13.3110,13.3358;
13.0545,13.0194,17.0000,13.0545,13.3422,13.0194,12.7991,15.5017,16.0448,12.8336,13.3422,13.1505,16.0448,14.6261,14.3474,14.1648,13.6937,13.0194,15.7226,14.8146,13.1505,13.6834,13.0194,13.0486,13.2614,14.6582,14.4852,12.9910,13.0194,12.7643,12.9809,12.7991,12.6616,14.0062,15.7220,13.1213,13.3416,13.6937,16.0448,12.2662,12.6595,13.9742,13.3037,13.3708,13.3422,13.3422,14.1648,13.3422,13.6548,13.6644,13.3422,12.6595,14.9384,13.7634,13.6644,13.0194,13.3291,13.1505,13.9646,13.3708,15.7226,16.0448,15.0440,13.6569,13.3422,12.7991,14.8146,13.3422,13.1220,13.3422,12.7991,13.6520,13.2992,15.7220,14.2055,13.8320,15.3041,14.7656,14.0062,14.0062,15.2171,14.0352,15.7220,13.3708,13.2715,14.0664,15.5496,13.3612,13.2614,14.3278,13.6624,14.6258,15.7226,12.9910,13.3416,13.3715,12.9493,12.4864,13.3422,14.0352,13.3708;
16.0448,15.4343,13.0545,17.0000,15.7571,15.4343,15.2140,12.5114,13.0545,15.1795,15.7571,12.5050,13.0545,13.3307,13.6094,12.9161,13.0481,15.4343,13.3767,14.2847,12.5050,12.4127,15.4343,13.0475,13.1738,14.4562,14.2831,14.2683,15.4343,15.2613,12.8933,15.2140,15.1587,12.7356,12.7317,14.8918,15.1121,13.0481,13.0545,12.8214,13.2147,13.3286,13.2161,12.7253,15.7571,15.7571,12.9161,15.7571,15.4446,15.4350,15.7571,13.2147,14.1610,13.1385,15.4350,15.4343,13.3280,12.5050,13.3383,12.7253,13.3767,13.0545,13.7093,14.8057,15.7571,15.2140,14.2847,15.7571,15.5369,15.7571,15.2140,13.6508,13.2566,12.7317,14.8938,14.6341,13.4492,12.8451,12.7356,12.7356,13.8823,13.2759,12.7317,12.7253,14.5488,12.7908,13.2037,12.7349,13.1738,14.1258,14.1545,14.4735,13.3767,14.2683,15.1121,13.3703,14.8710,13.0416,15.7571,13.2759,12.7253;
15.7571,15.7220,13.3422,15.7571,17.0000,15.7220,15.5017,12.7991,13.3422,14.8918,16.0448,12.7927,13.3422,13.0430,13.3217,12.6284,13.3358,15.7220,13.6644,14.5724,12.7927,12.7004,15.7220,13.3351,12.8861,14.1685,13.9954,14.5560,15.7220,14.9736,12.6056,15.5017,14.8710,13.0233,13.0194,15.1795,15.3998,13.3358,13.3422,12.5337,12.9270,13.6163,12.9284,13.0130,16.0448,16.0448,12.6284,16.0448,15.7323,15.7226,16.0448,12.9270,14.4487,12.8508,15.7226,15.7220,13.6157,12.7927,13.6260,13.0130,13.6644,13.3422,13.9970,15.0934,16.0448,15.5017,14.5724,16.0448,15.8246,16.0448,15.5017,13.9385,13.5443,13.0194,14.6061,14.9218,13.7369,12.5574,13.0233,13.0233,14.1700,12.9882,13.0194,13.0130,14.8365,12.5032,13.4914,13.0226,12.8861,13.8381,14.4422,14.7612,13.6644,14.5560,15.3998,13.6580,15.1587,12.7539,16.0448,12.9882,13.0130;
15.4343,16.0448,13.0194,15.4343,15.7220,17.0000,15.8246,13.1220,13.0194,15.2147,15.7220,13.1156,13.0194,12.7202,12.9988,12.3055,13.0130,16.0448,13.3416,14.2496,13.1156,13.0233,16.0448,13.6580,13.2089,13.8456,13.6726,14.8789,16.0448,14.6508,12.9284,15.8246,15.1939,12.7004,13.3422,15.5024,15.7226,13.0130,13.0194,12.8565,13.2498,13.2935,12.6056,13.3358,15.7220,15.7220,12.3055,15.7220,15.4094,15.3998,15.7220,13.2498,14.1258,12.5279,15.3998,16.0448,13.9385,13.1156,13.3031,13.3358,13.3416,13.0194,13.6741,14.7706,15.7220,15.8246,14.2496,15.7220,15.5017,15.7220,15.8246,13.6157,13.2214,13.3422,14.2833,14.5990,13.4141,12.2346,12.7004,12.7004,13.8471,13.3110,13.3422,13.3358,15.1594,12.1803,13.1685,13.3455,13.2089,14.1610,14.7651,14.4384,13.3416,14.8789,15.7226,13.3351,15.4816,13.0768,15.7220,13.3110,13.3358;
15.2140,15.8246,12.7991,15.2140,15.5017,15.8246,17.0000,13.3422,12.7991,15.4350,15.5017,13.3358,12.7991,12.4999,12.7786,12.0853,12.7927,15.8246,13.1213,14.0293,13.3358,12.8030,15.8246,13.4377,12.9887,13.6254,13.4523,14.6586,15.8246,14.8710,12.7082,16.0448,14.9736,12.4801,13.1220,15.7226,15.5024,12.7927,12.7991,13.0768,13.0296,13.0732,12.3853,13.1156,15.5017,15.5017,12.0853,15.5017,15.1892,15.1795,15.5017,13.0296,13.9055,12.3077,15.1795,15.8246,13.7183,13.3358,13.0829,13.1156,13.1213,12.7991,13.4538,14.5503,15.5017,16.0448,14.0293,15.5017,15.7220,15.5017,16.0448,13.3954,13.0012,13.1220,14.0630,14.3787,13.1938,12.0143,12.4801,12.4801,13.6269,13.0908,13.1220,13.1156,14.9391,11.9600,12.9483,13.1252,12.9887,13.9407,14.5448,14.2181,13.1213,14.6586,15.5024,13.1149,15.2613,12.8565,15.5017,13.0908,13.1156;
12.5114,13.1220,15.5017,12.5114,12.7991,13.1220,13.3422,17.0000,15.5017,13.3767,12.7991,13.6937,15.5017,14.0830,13.8043,13.6217,13.1505,13.1220,15.1795,14.2715,13.6937,13.7860,13.1220,13.1512,13.3640,14.1151,13.9421,13.0936,13.1220,12.6616,13.0835,13.3422,12.7643,13.4631,15.8246,13.6644,13.4442,13.1505,15.5017,12.8093,12.7621,13.4311,12.7606,13.4734,12.7991,12.7991,13.6217,12.7991,13.1117,13.1213,12.7991,12.7621,14.3953,13.2203,13.1213,13.1220,13.4317,13.6937,13.4214,13.4734,15.1795,15.5017,14.5009,13.1138,12.7991,13.3422,14.2715,12.7991,13.0194,12.7991,13.3422,13.1089,12.7561,15.8246,13.6624,13.2889,14.7609,14.2225,13.4631,13.4631,14.6740,14.1378,15.8246,13.4734,13.3741,13.5233,15.0065,13.4638,13.3640,14.4304,13.7650,14.0827,15.1795,13.0936,13.4442,12.8284,13.0519,12.5890,12.7991,14.1378,13.4734;
13.0545,13.0194,16.0448,13.0545,13.3422,13.0194,12.7991,15.5017,17.0000,12.8336,13.3422,13.1505,16.0448,14.6261,14.3474,14.1648,13.6937,13.0194,15.7226,14.8146,13.1505,13.6834,13.0194,13.0486,13.2614,14.6582,14.4852,12.9910,13.0194,12.7643,12.9809,12.7991,12.6616,14.0062,15.7220,13.1213,13.3416,13.6937,16.0448,12.2662,12.6595,13.9742,13.3037,13.3708,13.3422,13.3422,14.1648,13.3422,13.6548,13.6644,13.3422,12.6595,14.9384,13.7634,13.6644,13.0194,13.3291,13.1505,13.9646,13.3708,15.7226,16.0448,15.0440,13.6569,13.3422,12.7991,14.8146,13.3422,13.1220,13.3422,12.7991,13.6520,13.2992,15.7220,14.2055,13.8320,15.3041,14.7656,14.0062,14.0062,15.2171,14.0352,15.7220,13.3708,13.2715,14.0664,15.5496,13.3612,13.2614,14.3278,13.6624,14.6258,15.7226,12.9910,13.3416,13.3715,12.9493,12.4864,13.3422,14.0352,13.3708;
