SimGraph=[
1.0000,0.9648,0.8026,1.0000,0.9818,0.9648,0.9469,0.7677,0.8026,0.9440,0.9818,0.7687,0.8026,0.8184,0.8202,0.7967,0.8036,0.9648,0.8237,0.8942,0.7687,0.7662,0.9648,0.8076,0.8230,0.8866,0.8726,0.9014,0.9648,0.9618,0.8011,0.9469,0.9626,0.7833,0.7855,0.9258,0.9437,0.8036,0.8026,0.7889,0.8244,0.8256,0.8182,0.7866,0.9818,0.9818,0.7967,0.9818,0.9615,0.9608,0.9818,0.8244,0.8697,0.8181,0.9608,0.9648,0.8295,0.7687,0.8263,0.7866,0.8237,0.8026,0.8503,0.9151,0.9818,0.9469,0.8942,0.9818,0.9640,0.9818,0.9469,0.8466,0.8284,0.7855,0.9356,0.9193,0.8307,0.7804,0.7833,0.7833,0.8679,0.8244,0.7855,0.7866,0.9234,0.7960,0.8060,0.7873,0.8230,0.8707,0.8714,0.8900,0.8237,0.9014,0.9437,0.8247,0.9444,0.8068,0.9818,0.8244,0.7866;
0.9648,1.0000,0.8037,0.9648,0.9829,1.0000,0.9821,0.8029,0.8037,0.9429,0.9829,0.8040,0.8037,0.7832,0.7850,0.7615,0.8047,1.0000,0.8248,0.8952,0.8040,0.8015,1.0000,0.8429,0.8219,0.8514,0.8374,0.9367,1.0000,0.9266,0.8000,0.9821,0.9615,0.7844,0.8208,0.9611,0.9789,0.8047,0.8037,0.7878,0.8233,0.8267,0.7829,0.8218,0.9829,0.9829,0.7615,0.9829,0.9626,0.9619,0.9829,0.8233,0.8707,0.7828,0.9619,1.0000,0.8648,0.8040,0.8274,0.8218,0.8248,0.8037,0.8513,0.9162,0.9829,0.9821,0.8952,0.9829,0.9651,0.9829,0.9821,0.8477,0.8295,0.8208,0.9004,0.9204,0.8318,0.7452,0.7844,0.7844,0.8690,0.8233,0.8208,0.8218,0.9586,0.7607,0.8071,0.8225,0.8219,0.8697,0.9066,0.8911,0.8248,0.9367,0.9789,0.8258,0.9797,0.8057,0.9829,0.8233,0.8218;
0.8026,0.8037,1.0000,0.8026,0.8208,0.8037,0.7859,0.9651,1.0000,0.7888,0.8208,0.8110,1.0000,0.8950,0.8932,0.8921,0.8459,0.8037,0.9789,0.9085,0.8110,0.8492,0.8037,0.8078,0.8317,0.9136,0.8996,0.8022,0.8037,0.7841,0.8097,0.7859,0.7849,0.8663,0.9829,0.8069,0.8248,0.8459,1.0000,0.7509,0.7864,0.8679,0.8268,0.8288,0.8208,0.8208,0.8921,0.8208,0.8411,0.8418,0.8208,0.7864,0.9330,0.8741,0.8418,0.8037,0.8297,0.8110,0.8672,0.8288,0.9789,1.0000,0.9171,0.8424,0.8208,0.7859,0.9085,0.8208,0.8029,0.8208,0.7859,0.8468,0.8285,0.9829,0.8670,0.8624,0.9367,0.8977,0.8663,0.8663,0.9347,0.8549,0.9829,0.8288,0.8241,0.8966,0.9613,0.8281,0.8317,0.8977,0.8519,0.9126,0.9789,0.8022,0.8248,0.8249,0.8031,0.7688,0.8208,0.8549,0.8288;
1.0000,0.9648,0.8026,1.0000,0.9818,0.9648,0.9469,0.7677,0.8026,0.9440,0.9818,0.7687,0.8026,0.8184,0.8202,0.7967,0.8036,0.9648,0.8237,0.8942,0.7687,0.7662,0.9648,0.8076,0.8230,0.8866,0.8726,0.9014,0.9648,0.9618,0.8011,0.9469,0.9626,0.7833,0.7855,0.9258,0.9437,0.8036,0.8026,0.7889,0.8244,0.8256,0.8182,0.7866,0.9818,0.9818,0.7967,0.9818,0.9615,0.9608,0.9818,0.8244,0.8697,0.8181,0.9608,0.9648,0.8295,0.7687,0.8263,0.7866,0.8237,0.8026,0.8503,0.9151,0.9818,0.9469,0.8942,0.9818,0.9640,0.9818,0.9469,0.8466,0.8284,0.7855,0.9356,0.9193,0.8307,0.7804,0.7833,0.7833,0.8679,0.8244,0.7855,0.7866,0.9234,0.7960,0.8060,0.7873,0.8230,0.8707,0.8714,0.8900,0.8237,0.9014,0.9437,0.8247,0.9444,0.8068,0.9818,0.8244,0.7866;
0.9818,0.9829,0.8208,0.9818,1.0000,0.9829,0.9651,0.7859,0.8208,0.9258,1.0000,0.7869,0.8208,0.8003,0.8020,0.7785,0.8218,0.9829,0.8418,0.9123,0.7869,0.7844,0.9829,0.8258,0.8048,0.8684,0.8545,0.9196,0.9829,0.9437,0.7829,0.9651,0.9444,0.8015,0.8037,0.9440,0.9619,0.8218,0.8208,0.7707,0.8062,0.8437,0.8000,0.8047,1.0000,1.0000,0.7785,1.0000,0.9796,0.9789,1.0000,0.8062,0.8878,0.7999,0.9789,0.9829,0.8477,0.7869,0.8444,0.8047,0.8418,0.8208,0.8684,0.9332,1.0000,0.9651,0.9123,1.0000,0.9821,1.0000,0.9651,0.8648,0.8466,0.8037,0.9175,0.9374,0.8488,0.7623,0.8015,0.8015,0.8861,0.8062,0.8037,0.8047,0.9415,0.7778,0.8242,0.8054,0.8048,0.8526,0.8896,0.9082,0.8418,0.9196,0.9619,0.8429,0.9626,0.7886,1.0000,0.8062,0.8047;
0.9648,1.0000,0.8037,0.9648,0.9829,1.0000,0.9821,0.8029,0.8037,0.9429,0.9829,0.8040,0.8037,0.7832,0.7850,0.7615,0.8047,1.0000,0.8248,0.8952,0.8040,0.8015,1.0000,0.8429,0.8219,0.8514,0.8374,0.9367,1.0000,0.9266,0.8000,0.9821,0.9615,0.7844,0.8208,0.9611,0.9789,0.8047,0.8037,0.7878,0.8233,0.8267,0.7829,0.8218,0.9829,0.9829,0.7615,0.9829,0.9626,0.9619,0.9829,0.8233,0.8707,0.7828,0.9619,1.0000,0.8648,0.8040,0.8274,0.8218,0.8248,0.8037,0.8513,0.9162,0.9829,0.9821,0.8952,0.9829,0.9651,0.9829,0.9821,0.8477,0.8295,0.8208,0.9004,0.9204,0.8318,0.7452,0.7844,0.7844,0.8690,0.8233,0.8208,0.8218,0.9586,0.7607,0.8071,0.8225,0.8219,0.8697,0.9066,0.8911,0.8248,0.9367,0.9789,0.8258,0.9797,0.8057,0.9829,0.8233,0.8218;
0.9469,0.9821,0.7859,0.9469,0.9651,0.9821,1.0000,0.8208,0.7859,0.9608,0.9651,0.8218,0.7859,0.7653,0.7671,0.7436,0.7869,0.9821,0.8069,0.8774,0.8218,0.7836,0.9821,0.8250,0.8041,0.8335,0.8195,0.9188,0.9821,0.9444,0.7821,1.0000,0.9437,0.7665,0.8029,0.9789,0.9611,0.7869,0.7859,0.8057,0.8055,0.8088,0.7651,0.8040,0.9651,0.9651,0.7436,0.9651,0.9447,0.9440,0.9651,0.8055,0.8529,0.7650,0.9440,0.9821,0.8469,0.8218,0.8095,0.8040,0.8069,0.7859,0.8335,0.8983,0.9651,1.0000,0.8774,0.9651,0.9829,0.9651,1.0000,0.8299,0.8116,0.8029,0.8825,0.9025,0.8139,0.7273,0.7665,0.7665,0.8511,0.8054,0.8029,0.8040,0.9408,0.7429,0.7893,0.8047,0.8041,0.8518,0.8888,0.8732,0.8069,0.9188,0.9611,0.8079,0.9618,0.7878,0.9651,0.8054,0.8040;
0.7677,0.8029,0.9651,0.7677,0.7859,0.8029,0.8208,1.0000,0.9651,0.8237,0.7859,0.8459,0.9651,0.8601,0.8583,0.8572,0.8110,0.8029,0.9440,0.8735,0.8459,0.8484,0.8029,0.8070,0.8309,0.8786,0.8647,0.8014,0.8029,0.7849,0.8090,0.8208,0.7841,0.8313,0.9821,0.8418,0.8240,0.8110,0.9651,0.7858,0.7856,0.8329,0.7919,0.8281,0.7859,0.7859,0.8572,0.7859,0.8062,0.8069,0.7859,0.7856,0.8980,0.8392,0.8069,0.8029,0.8290,0.8459,0.8322,0.8281,0.9440,0.9651,0.8822,0.8074,0.7859,0.8208,0.8735,0.7859,0.8037,0.7859,0.8208,0.8119,0.7936,0.9821,0.8321,0.8275,0.9017,0.8628,0.8313,0.8313,0.8998,0.8541,0.9821,0.8281,0.8234,0.8617,0.9264,0.8274,0.8309,0.8970,0.8511,0.8777,0.9440,0.8014,0.8240,0.7899,0.8023,0.7680,0.7859,0.8541,0.8281;
0.8026,0.8037,1.0000,0.8026,0.8208,0.8037,0.7859,0.9651,1.0000,0.7888,0.8208,0.8110,1.0000,0.8950,0.8932,0.8921,0.8459,0.8037,0.9789,0.9085,0.8110,0.8492,0.8037,0.8078,0.8317,0.9136,0.8996,0.8022,0.8037,0.7841,0.8097,0.7859,0.7849,0.8663,0.9829,0.8069,0.8248,0.8459,1.0000,0.7509,0.7864,0.8679,0.8268,0.8288,0.8208,0.8208,0.8921,0.8208,0.8411,0.8418,0.8208,0.7864,0.9330,0.8741,0.8418,0.8037,0.8297,0.8110,0.8672,0.8288,0.9789,1.0000,0.9171,0.8424,0.8208,0.7859,0.9085,0.8208,0.8029,0.8208,0.7859,0.8468,0.8285,0.9829,0.8670,0.8624,0.9367,0.8977,0.8663,0.8663,0.9347,0.8549,0.9829,0.8288,0.8241,0.8966,0.9613,0.8281,0.8317,0.8977,0.8519,0.9126,0.9789,0.8022,0.8248,0.8249,0.8031,0.7688,0.8208,0.8549,0.8288;
0.9440,0.9429,0.7888,0.9440,0.9258,0.9429,0.9608,0.8237,0.7888,1.0000,0.9258,0.8247,0.7888,0.8046,0.8063,0.7828,0.7898,0.9429,0.7677,0.8382,0.8247,0.7865,0.9429,0.7858,0.8433,0.8727,0.8588,0.9217,0.9429,0.9415,0.8214,0.9608,0.9408,0.7694,0.8058,0.9818,0.9640,0.7898,0.7888,0.8449,0.8447,0.8117,0.8043,0.8068,0.9258,0.9258,0.7828,0.9258,0.9055,0.9469,0.9258,0.8447,0.8558,0.7621,0.9469,0.9429,0.8077,0.8247,0.7703,0.8068,0.7677,0.7888,0.8364,0.8591,0.9258,0.9608,0.8382,0.9258,0.9437,0.9258,0.9608,0.7906,0.8145,0.8058,0.8797,0.8633,0.8168,0.7666,0.7694,0.7694,0.8540,0.8447,0.8058,0.8068,0.9437,0.7821,0.7501,0.7654,0.8433,0.8910,0.8496,0.8761,0.7677,0.9217,0.9640,0.7687,0.9226,0.8270,0.9258,0.8447,0.8068;
0.9818,0.9829,0.8208,0.9818,1.0000,0.9829,0.9651,0.7859,0.8208,0.9258,1.0000,0.7869,0.8208,0.8003,0.8020,0.7785,0.8218,0.9829,0.8418,0.9123,0.7869,0.7844,0.9829,0.8258,0.8048,0.8684,0.8545,0.9196,0.9829,0.9437,0.7829,0.9651,0.9444,0.8015,0.8037,0.9440,0.9619,0.8218,0.8208,0.7707,0.8062,0.8437,0.8000,0.8047,1.0000,1.0000,0.7785,1.0000,0.9796,0.9789,1.0000,0.8062,0.8878,0.7999,0.9789,0.9829,0.8477,0.7869,0.8444,0.8047,0.8418,0.8208,0.8684,0.9332,1.0000,0.9651,0.9123,1.0000,0.9821,1.0000,0.9651,0.8648,0.8466,0.8037,0.9175,0.9374,0.8488,0.7623,0.8015,0.8015,0.8861,0.8062,0.8037,0.8047,0.9415,0.7778,0.8242,0.8054,0.8048,0.8526,0.8896,0.9082,0.8418,0.9196,0.9619,0.8429,0.9626,0.7886,1.0000,0.8062,0.8047;
