SimGraph=[
1.0000,0.9160,0.7723,0.9563,0.9358,0.9160,0.8939,0.7304,0.7723,0.8945,0.9358,0.7315,0.7723,0.7930,0.7948,0.7708,0.7734,0.9160,0.7922,0.8528,0.7315,0.7336,0.9160,0.7734,0.7919,0.8593,0.8355,0.8541,0.9160,0.9128,0.7712,0.8939,0.9151,0.7534,0.7525,0.8741,0.8962,0.7734,0.7723,0.7453,0.7911,0.7940,0.7911,0.7536,0.9358,0.9358,0.7708,0.9358,0.9158,0.9160,0.9358,0.7911,0.8364,0.7828,0.9160,0.9160,0.7940,0.7315,0.7939,0.7536,0.7922,0.7723,0.8109,0.8760,0.9358,0.8939,0.8528,0.9358,0.9137,0.9358,0.8939,0.8139,0.7795,0.7525,0.8932,0.8730,0.7899,0.7493,0.7534,0.7534,0.8346,0.7941,0.7525,0.7536,0.8747,0.7576,0.7684,0.7534,0.7919,0.8370,0.8365,0.8564,0.7922,0.8541,0.8962,0.7932,0.8946,0.7674,0.9358,0.7941,0.7536;
0.9160,1.0000,0.7730,0.9160,0.9365,0.9563,0.9342,0.7707,0.7730,0.8939,0.9365,0.7718,0.7730,0.7527,0.7545,0.7305,0.7741,0.9563,0.7928,0.8535,0.7718,0.7739,0.9563,0.8137,0.7912,0.8189,0.7952,0.8944,0.9563,0.8725,0.7706,0.9342,0.9144,0.7540,0.7928,0.9144,0.9365,0.7741,0.7730,0.7446,0.7904,0.7947,0.7507,0.7939,0.9365,0.9365,0.7305,0.9365,0.9165,0.9166,0.9365,0.7904,0.8370,0.7424,0.9166,0.9563,0.8344,0.7718,0.7945,0.7939,0.7928,0.7730,0.8116,0.8767,0.9365,0.9342,0.8535,0.9365,0.9144,0.9365,0.9342,0.8145,0.7802,0.7928,0.8528,0.8737,0.7905,0.7090,0.7540,0.7540,0.8353,0.7935,0.7928,0.7939,0.9150,0.7173,0.7691,0.7937,0.7912,0.8364,0.8768,0.8570,0.7928,0.8944,0.9365,0.7939,0.9349,0.7667,0.9365,0.7935,0.7939;
0.7723,0.7730,1.0000,0.7723,0.7928,0.7730,0.7509,0.9144,0.9563,0.7502,0.7928,0.7682,0.9563,0.8533,0.8515,0.8484,0.8101,0.7730,0.9365,0.8758,0.7682,0.8103,0.7730,0.7704,0.7877,0.8742,0.8505,0.7716,0.7730,0.7496,0.7671,0.7509,0.7519,0.8301,0.9365,0.7707,0.7928,0.8101,0.9563,0.7014,0.7472,0.8307,0.7869,0.7903,0.7928,0.7928,0.8484,0.7928,0.8128,0.8126,0.7928,0.7472,0.8923,0.8211,0.8126,0.7730,0.7910,0.7682,0.8309,0.7903,0.9365,0.9563,0.8703,0.8128,0.7928,0.7509,0.8758,0.7928,0.7707,0.7928,0.7509,0.8109,0.7769,0.9365,0.8355,0.8336,0.8914,0.8496,0.8301,0.8301,0.8940,0.8126,0.9365,0.7903,0.7922,0.8358,0.9128,0.7904,0.7877,0.8519,0.8127,0.8723,0.9365,0.7716,0.7928,0.7902,0.7723,0.7235,0.7928,0.8126,0.7903;
0.9563,0.9160,0.7723,1.0000,0.9358,0.9160,0.8939,0.7304,0.7723,0.8945,0.9358,0.7315,0.7723,0.7930,0.7948,0.7708,0.7734,0.9160,0.7922,0.8528,0.7315,0.7336,0.9160,0.7734,0.7919,0.8593,0.8355,0.8541,0.9160,0.9128,0.7712,0.8939,0.9151,0.7534,0.7525,0.8741,0.8962,0.7734,0.7723,0.7453,0.7911,0.7940,0.7911,0.7536,0.9358,0.9358,0.7708,0.9358,0.9158,0.9160,0.9358,0.7911,0.8364,0.7828,0.9160,0.9160,0.7940,0.7315,0.7939,0.7536,0.7922,0.7723,0.8109,0.8760,0.9358,0.8939,0.8528,0.9358,0.9137,0.9358,0.8939,0.8139,0.7795,0.7525,0.8932,0.8730,0.7899,0.7493,0.7534,0.7534,0.8346,0.7941,0.7525,0.7536,0.8747,0.7576,0.7684,0.7534,0.7919,0.8370,0.8365,0.8564,0.7922,0.8541,0.8962,0.7932,0.8946,0.7674,0.9358,0.7941,0.7536;
0.9358,0.9365,0.7928,0.9358,1.0000,0.9365,0.9144,0.7509,0.7928,0.8741,0.9563,0.7520,0.7928,0.7726,0.7743,0.7503,0.7939,0.9365,0.8126,0.8733,0.7520,0.7540,0.9365,0.7939,0.7714,0.8388,0.8151,0.8746,0.9365,0.8923,0.7507,0.9144,0.8946,0.7739,0.7730,0.8945,0.9166,0.7939,0.7928,0.7248,0.7706,0.8145,0.7706,0.7741,0.9563,0.9563,0.7503,0.9563,0.9363,0.9365,0.9563,0.7706,0.8568,0.7623,0.9365,0.9365,0.8145,0.7520,0.8143,0.7741,0.8126,0.7928,0.8314,0.8965,0.9563,0.9144,0.8733,0.9563,0.9342,0.9563,0.9144,0.8344,0.8000,0.7730,0.8727,0.8935,0.8103,0.7288,0.7739,0.7739,0.8551,0.7736,0.7730,0.7741,0.8952,0.7372,0.7889,0.7739,0.7714,0.8165,0.8570,0.8769,0.8126,0.8746,0.9166,0.8137,0.9151,0.7469,0.9563,0.7736,0.7741;
0.9160,0.9563,0.7730,0.9160,0.9365,1.0000,0.9342,0.7707,0.7730,0.8939,0.9365,0.7718,0.7730,0.7527,0.7545,0.7305,0.7741,0.9563,0.7928,0.8535,0.7718,0.7739,0.9563,0.8137,0.7912,0.8189,0.7952,0.8944,0.9563,0.8725,0.7706,0.9342,0.9144,0.7540,0.7928,0.9144,0.9365,0.7741,0.7730,0.7446,0.7904,0.7947,0.7507,0.7939,0.9365,0.9365,0.7305,0.9365,0.9165,0.9166,0.9365,0.7904,0.8370,0.7424,0.9166,0.9563,0.8344,0.7718,0.7945,0.7939,0.7928,0.7730,0.8116,0.8767,0.9365,0.9342,0.8535,0.9365,0.9144,0.9365,0.9342,0.8145,0.7802,0.7928,0.8528,0.8737,0.7905,0.7090,0.7540,0.7540,0.8353,0.7935,0.7928,0.7939,0.9150,0.7173,0.7691,0.7937,0.7912,0.8364,0.8768,0.8570,0.7928,0.8944,0.9365,0.7939,0.9349,0.7667,0.9365,0.7935,0.7939;
0.8939,0.9342,0.7509,0.8939,0.9144,0.9342,1.0000,0.7928,0.7509,0.9160,0.9144,0.7939,0.7509,0.7306,0.7324,0.7084,0.7520,0.9342,0.7707,0.8314,0.7939,0.7518,0.9342,0.7916,0.7691,0.7968,0.7731,0.8723,0.9342,0.8946,0.7485,0.9563,0.8923,0.7319,0.7707,0.9365,0.9144,0.7520,0.7509,0.7667,0.7683,0.7726,0.7286,0.7718,0.9144,0.9144,0.7084,0.9144,0.8944,0.8945,0.9144,0.7683,0.8149,0.7203,0.8945,0.9342,0.8123,0.7939,0.7724,0.7718,0.7707,0.7509,0.7895,0.8546,0.9144,0.9563,0.8314,0.9144,0.9365,0.9144,0.9563,0.7924,0.7581,0.7707,0.8307,0.8516,0.7684,0.6869,0.7319,0.7319,0.8132,0.7714,0.7707,0.7718,0.8929,0.6952,0.7470,0.7716,0.7691,0.8143,0.8547,0.8349,0.7707,0.8723,0.9144,0.7718,0.9128,0.7446,0.9144,0.7714,0.7718;
0.7304,0.7707,0.9144,0.7304,0.7509,0.7707,0.7928,1.0000,0.9144,0.7922,0.7509,0.8101,0.9144,0.8114,0.8096,0.8065,0.7682,0.7707,0.8945,0.8339,0.8101,0.8080,0.7707,0.7681,0.7854,0.8323,0.8085,0.7693,0.7707,0.7519,0.7648,0.7928,0.7496,0.7882,0.9342,0.8126,0.7905,0.7682,0.9144,0.7433,0.7449,0.7888,0.7450,0.7880,0.7509,0.7509,0.8065,0.7509,0.7709,0.7707,0.7509,0.7449,0.8503,0.7791,0.7707,0.7707,0.7888,0.8101,0.7890,0.7880,0.8945,0.9144,0.8284,0.7708,0.7509,0.7928,0.8339,0.7509,0.7730,0.7509,0.7928,0.7689,0.7350,0.9342,0.7935,0.7916,0.8494,0.8077,0.7882,0.7882,0.8521,0.8103,0.9342,0.7880,0.7899,0.7939,0.8708,0.7882,0.7854,0.8497,0.8104,0.8303,0.8945,0.7693,0.7905,0.7483,0.7701,0.7212,0.7509,0.8103,0.7880;
0.7723,0.7730,0.9563,0.7723,0.7928,0.7730,0.7509,0.9144,1.0000,0.7502,0.7928,0.7682,0.9563,0.8533,0.8515,0.8484,0.8101,0.7730,0.9365,0.8758,0.7682,0.8103,0.7730,0.7704,0.7877,0.8742,0.8505,0.7716,0.7730,0.7496,0.7671,0.7509,0.7519,0.8301,0.9365,0.7707,0.7928,0.8101,0.9563,0.7014,0.7472,0.8307,0.7869,0.7903,0.7928,0.7928,0.8484,0.7928,0.8128,0.8126,0.7928,0.7472,0.8923,0.8211,0.8126,0.7730,0.7910,0.7682,0.8309,0.7903,0.9365,0.9563,0.8703,0.8128,0.7928,0.7509,0.8758,0.7928,0.7707,0.7928,0.7509,0.8109,0.7769,0.9365,0.8355,0.8336,0.8914,0.8496,0.8301,0.8301,0.8940,0.8126,0.9365,0.7903,0.7922,0.8358,0.9128,0.7904,0.7877,0.8519,0.8127,0.8723,0.9365,0.7716,0.7928,0.7902,0.7723,0.7235,0.7928,0.8126,0.7903;
0.8945,0.8939,0.7502,0.8945,0.8741,0.8939,0.9160,0.7922,0.7502,1.0000,0.8741,0.7932,0.7502,0.7710,0.7727,0.7487,0.7513,0.8939,0.7304,0.7910,0.7932,0.7511,0.8939,0.7513,0.8094,0.8372,0.8135,0.8717,0.8939,0.8952,0.7888,0.9160,0.8929,0.7313,0.7701,0.9358,0.9137,0.7513,0.7502,0.8070,0.8087,0.7719,0.7690,0.7711,0.8741,0.8741,0.7487,0.8741,0.8541,0.8939,0.8741,0.8087,0.8143,0.7210,0.8939,0.8939,0.7719,0.7932,0.7321,0.7711,0.7304,0.7502,0.7888,0.8143,0.8741,0.9160,0.7910,0.8741,0.8962,0.8741,0.9160,0.7521,0.7574,0.7701,0.8314,0.8112,0.7678,0.7272,0.7313,0.7313,0.8125,0.8117,0.7701,0.7711,0.8923,0.7355,0.7067,0.7313,0.8094,0.8546,0.8144,0.8343,0.7304,0.8717,0.9137,0.7315,0.8725,0.7849,0.8741,0.8117,0.7711;
0.9358,0.9365,0.7928,0.9358,0.9563,0.9365,0.9144,0.7509,0.7928,0.8741,1.0000,0.7520,0.7928,0.7726,0.7743,0.7503,0.7939,0.9365,0.8126,0.8733,0.7520,0.7540,0.9365,0.7939,0.7714,0.8388,0.8151,0.8746,0.9365,0.8923,0.7507,0.9144,0.8946,0.7739,0.7730,0.8945,0.9166,0.7939,0.7928,0.7248,0.7706,0.8145,0.7706,0.7741,0.9563,0.9563,0.7503,0.9563,0.9363,0.9365,0.9563,0.7706,0.8568,0.7623,0.9365,0.9365,0.8145,0.7520,0.8143,0.7741,0.8126,0.7928,0.8314,0.8965,0.9563,0.9144,0.8733,0.9563,0.9342,0.9563,0.9144,0.8344,0.8000,0.7730,0.8727,0.8935,0.8103,0.7288,0.7739,0.7739,0.8551,0.7736,0.7730,0.7741,0.8952,0.7372,0.7889,0.7739,0.7714,0.8165,0.8570,0.8769,0.8126,0.8746,0.9166,0.8137,0.9151,0.7469,0.9563,0.7736,0.7741;
