SimGraph=[
1.0000,0.9648,0.8026,1.0000,0.9818,0.9648,0.9469,0.7677,0.8026,0.9440,0.9818,0.7687,0.8026,0.8184,0.8202,0.7967,0.8036,0.9648,0.8237,0.8942,0.7687,0.7662,0.9648,0.8076,0.8230,0.8866,0.8726,0.9014,0.9648,0.9618,0.8011,0.9469,0.9626,0.7833,0.7855,0.9258,0.9437,0.8036,0.8026,0.7889,0.8244,0.8256,0.8182,0.7866,0.9818,0.9818,0.7967,0.9818,0.9615,0.9608,0.9818,0.8244,0.8697,0.8181,0.9608,0.9648,0.8295,0.7687,0.8263,0.7866,0.8237,0.8026,0.8503,0.9151,0.9818,0.9469,0.8942,0.9818,0.9640,0.9818,0.9469,0.8466,0.8284,0.7855,0.9356,0.9193,0.8307,0.7804,0.7833,0.7833,0.8679,0.8244,0.7855,0.7866,0.9234,0.7960,0.8060,0.7873,0.8230,0.8707,0.8714,0.8900,0.8237,0.9014,0.9437,0.8247,0.9444,0.8068,0.9818,0.8244,0.7866;
0.9648,1.0000,0.8037,0.9648,0.9829,1.0000,0.9821,0.8029,0.8037,0.9429,0.9829,0.8040,0.8037,0.7832,0.7850,0.7615,0.8047,1.0000,0.8248,0.8952,0.8040,0.8015,1.0000,0.8429,0.8219,0.8514,0.8374,0.9367,1.0000,0.9266,0.8000,0.9821,0.9615,0.7844,0.8208,0.9611,0.9789,0.8047,0.8037,0.7878,0.8233,0.8267,0.7829,0.8218,0.9829,0.9829,0.7615,0.9829,0.9626,0.9619,0.9829,0.8233,0.8707,0.7828,0.9619,1.0000,0.8648,0.8040,0.8274,0.8218,0.8248,0.8037,0.8513,0.9162,0.9829,0.9821,0.8952,0.9829,0.9651,0.9829,0.9821,0.8477,0.8295,0.8208,0.9004,0.9204,0.8318,0.7452,0.7844,0.7844,0.8690,0.8233,0.8208,0.8218,0.9586,0.7607,0.8071,0.8225,0.8219,0.8697,0.9066,0.8911,0.8248,0.9367,0.9789,0.8258,0.9797,0.8057,0.9829,0.8233,0.8218;
0.8026,0.8037,1.0000,0.8026,0.8208,0.8037,0.7859,0.9651,1.0000,0.7888,0.8208,0.8110,1.0000,0.8950,0.8932,0.8921,0.8459,0.8037,0.9789,0.9085,0.8110,0.8492,0.8037,0.8078,0.8317,0.9136,0.8996,0.8022,0.8037,0.7841,0.8097,0.7859,0.7849,0.8663,0.9829,0.8069,0.8248,0.8459,1.0000,0.7509,0.7864,0.8679,0.8268,0.8288,0.8208,0.8208,0.8921,0.8208,0.8411,0.8418,0.8208,0.7864,0.9330,0.8741,0.8418,0.8037,0.8297,0.8110,0.8672,0.8288,0.9789,1.0000,0.9171,0.8424,0.8208,0.7859,0.9085,0.8208,0.8029,0.8208,0.7859,0.8468,0.8285,0.9829,0.8670,0.8624,0.9367,0.8977,0.8663,0.8663,0.9347,0.8549,0.9829,0.8288,0.8241,0.8966,0.9613,0.8281,0.8317,0.8977,0.8519,0.9126,0.9789,0.8022,0.8248,0.8249,0.8031,0.7688,0.8208,0.8549,0.8288;
1.0000,0.9648,0.8026,1.0000,0.9818,0.9648,0.9469,0.7677,0.8026,0.9440,0.9818,0.7687,0.8026,0.8184,0.8202,0.7967,0.8036,0.9648,0.8237,0.8942,0.7687,0.7662,0.9648,0.8076,0.8230,0.8866,0.8726,0.9014,0.9648,0.9618,0.8011,0.9469,0.9626,0.7833,0.7855,0.9258,0.9437,0.8036,0.8026,0.7889,0.8244,0.8256,0.8182,0.7866,0.9818,0.9818,0.7967,0.9818,0.9615,0.9608,0.9818,0.8244,0.8697,0.8181,0.9608,0.9648,0.8295,0.7687,0.8263,0.7866,0.8237,0.8026,0.8503,0.9151,0.9818,0.9469,0.8942,0.9818,0.9640,0.9818,0.9469,0.8466,0.8284,0.7855,0.9356,0.9193,0.8307,0.7804,0.7833,0.7833,0.8679,0.8244,0.7855,0.7866,0.9234,0.7960,0.8060,0.7873,0.8230,0.8707,0.8714,0.8900,0.8237,0.9014,0.9437,0.8247,0.9444,0.8068,0.9818,0.8244,0.7866;
0.9818,0.9829,0.8208,0.9818,1.0000,0.9829,0.9651,0.7859,0.8208,0.9258,1.0000,0.7869,0.8208,0.8003,0.8020,0.7785,0.8218,0.9829,0.8418,0.9123,0.7869,0.7844,0.9829,0.8258,0.8048,0.8684,0.8545,0.9196,0.9829,0.9437,0.7829,0.9651,0.9444,0.8015,0.8037,0.9440,0.9619,0.8218,0.8208,0.7707,0.8062,0.8437,0.8000,0.8047,1.0000,1.0000,0.7785,1.0000,0.9796,0.9789,1.0000,0.8062,0.8878,0.7999,0.9789,0.9829,0.8477,0.7869,0.8444,0.8047,0.8418,0.8208,0.8684,0.9332,1.0000,0.9651,0.9123,1.0000,0.9821,1.0000,0.9651,0.8648,0.8466,0.8037,0.9175,0.9374,0.8488,0.7623,0.8015,0.8015,0.8861,0.8062,0.8037,0.8047,0.9415,0.7778,0.8242,0.8054,0.8048,0.8526,0.8896,0.9082,0.8418,0.9196,0.9619,0.8429,0.9626,0.7886,1.0000,0.8062,0.8047;
0.9648,1.0000,0.8037,0.9648,0.9829,1.0000,0.9821,0.8029,0.8037,0.9429,0.9829,0.8040,0.8037,0.7832,0.7850,0.7615,0.8047,1.0000,0.8248,0.8952,0.8040,0.8015,1.0000,0.8429,0.8219,0.8514,0.8374,0.9367,1.0000,0.9266,0.8000,0.9821,0.9615,0.7844,0.8208,0.9611,0.9789,0.8047,0.8037,0.7878,0.8233,0.8267,0.7829,0.8218,0.9829,0.9829,0.7615,0.9829,0.9626,0.9619,0.9829,0.8233,0.8707,0.7828,0.9619,1.0000,0.8648,0.8040,0.8274,0.8218,0.8248,0.8037,0.8513,0.9162,0.9829,0.9821,0.8952,0.9829,0.9651,0.9829,0.9821,0.8477,0.8295,0.8208,0.9004,0.9204,0.8318,0.7452,0.7844,0.7844,0.8690,0.8233,0.8208,0.8218,0.9586,0.7607,0.8071,0.8225,0.8219,0.8697,0.9066,0.8911,0.8248,0.9367,0.9789,0.8258,0.9797,0.8057,0.9829,0.8233,0.8218;
0.9469,0.9821,0.7859,0.9469,0.9651,0.9821,1.0000,0.8208,0.7859,0.9608,0.9651,0.8218,0.7859,0.7653,0.7671,0.7436,0.7869,0.9821,0.8069,0.8774,0.8218,0.7836,0.9821,0.8250,0.8041,0.8335,0.8195,0.9188,0.9821,0.9444,0.7821,1.0000,0.9437,0.7665,0.8029,0.9789,0.9611,0.7869,0.7859,0.8057,0.8055,0.8088,0.7651,0.8040,0.9651,0.9651,0.7436,0.9651,0.9447,0.9440,0.9651,0.8055,0.8529,0.7650,0.9440,0.9821,0.8469,0.8218,0.8095,0.8040,0.8069,0.7859,0.8335,0.8983,0.9651,1.0000,0.8774,0.9651,0.9829,0.9651,1.0000,0.8299,0.8116,0.8029,0.8825,0.9025,0.8139,0.7273,0.7665,0.7665,0.8511,0.8054,0.8029,0.8040,0.9408,0.7429,0.7893,0.8047,0.8041,0.8518,0.8888,0.8732,0.8069,0.9188,0.9611,0.8079,0.9618,0.7878,0.9651,0.8054,0.8040;
0.7677,0.8029,0.9651,0.7677,0.7859,0.8029,0.8208,1.0000,0.9651,0.8237,0.7859,0.8459,0.9651,0.8601,0.8583,0.8572,0.8110,0.8029,0.9440,0.8735,0.8459,0.8484,0.8029,0.8070,0.8309,0.8786,0.8647,0.8014,0.8029,0.7849,0.8090,0.8208,0.7841,0.8313,0.9821,0.8418,0.8240,0.8110,0.9651,0.7858,0.7856,0.8329,0.7919,0.8281,0.7859,0.7859,0.8572,0.7859,0.8062,0.8069,0.7859,0.7856,0.8980,0.8392,0.8069,0.8029,0.8290,0.8459,0.8322,0.8281,0.9440,0.9651,0.8822,0.8074,0.7859,0.8208,0.8735,0.7859,0.8037,0.7859,0.8208,0.8119,0.7936,0.9821,0.8321,0.8275,0.9017,0.8628,0.8313,0.8313,0.8998,0.8541,0.9821,0.8281,0.8234,0.8617,0.9264,0.8274,0.8309,0.8970,0.8511,0.8777,0.9440,0.8014,0.8240,0.7899,0.8023,0.7680,0.7859,0.8541,0.8281;
0.8026,0.8037,1.0000,0.8026,0.8208,0.8037,0.7859,0.9651,1.0000,0.7888,0.8208,0.8110,1.0000,0.8950,0.8932,0.8921,0.8459,0.8037,0.9789,0.9085,0.8110,0.8492,0.8037,0.8078,0.8317,0.9136,0.8996,0.8022,0.8037,0.7841,0.8097,0.7859,0.7849,0.8663,0.9829,0.8069,0.8248,0.8459,1.0000,0.7509,0.7864,0.8679,0.8268,0.8288,0.8208,0.8208,0.8921,0.8208,0.8411,0.8418,0.8208,0.7864,0.9330,0.8741,0.8418,0.8037,0.8297,0.8110,0.8672,0.8288,0.9789,1.0000,0.9171,0.8424,0.8208,0.7859,0.9085,0.8208,0.8029,0.8208,0.7859,0.8468,0.8285,0.9829,0.8670,0.8624,0.9367,0.8977,0.8663,0.8663,0.9347,0.8549,0.9829,0.8288,0.8241,0.8966,0.9613,0.8281,0.8317,0.8977,0.8519,0.9126,0.9789,0.8022,0.8248,0.8249,0.8031,0.7688,0.8208,0.8549,0.8288;
0.9440,0.9429,0.7888,0.9440,0.9258,0.9429,0.9608,0.8237,0.7888,1.0000,0.9258,0.8247,0.7888,0.8046,0.8063,0.7828,0.7898,0.9429,0.7677,0.8382,0.8247,0.7865,0.9429,0.7858,0.8433,0.8727,0.8588,0.9217,0.9429,0.9415,0.8214,0.9608,0.9408,0.7694,0.8058,0.9818,0.9640,0.7898,0.7888,0.8449,0.8447,0.8117,0.8043,0.8068,0.9258,0.9258,0.7828,0.9258,0.9055,0.9469,0.9258,0.8447,0.8558,0.7621,0.9469,0.9429,0.8077,0.8247,0.7703,0.8068,0.7677,0.7888,0.8364,0.8591,0.9258,0.9608,0.8382,0.9258,0.9437,0.9258,0.9608,0.7906,0.8145,0.8058,0.8797,0.8633,0.8168,0.7666,0.7694,0.7694,0.8540,0.8447,0.8058,0.8068,0.9437,0.7821,0.7501,0.7654,0.8433,0.8910,0.8496,0.8761,0.7677,0.9217,0.9640,0.7687,0.9226,0.8270,0.9258,0.8447,0.8068;
0.9818,0.9829,0.8208,0.9818,1.0000,0.9829,0.9651,0.7859,0.8208,0.9258,1.0000,0.7869,0.8208,0.8003,0.8020,0.7785,0.8218,0.9829,0.8418,0.9123,0.7869,0.7844,0.9829,0.8258,0.8048,0.8684,0.8545,0.9196,0.9829,0.9437,0.7829,0.9651,0.9444,0.8015,0.8037,0.9440,0.9619,0.8218,0.8208,0.7707,0.8062,0.8437,0.8000,0.8047,1.0000,1.0000,0.7785,1.0000,0.9796,0.9789,1.0000,0.8062,0.8878,0.7999,0.9789,0.9829,0.8477,0.7869,0.8444,0.8047,0.8418,0.8208,0.8684,0.9332,1.0000,0.9651,0.9123,1.0000,0.9821,1.0000,0.9651,0.8648,0.8466,0.8037,0.9175,0.9374,0.8488,0.7623,0.8015,0.8015,0.8861,0.8062,0.8037,0.8047,0.9415,0.7778,0.8242,0.8054,0.8048,0.8526,0.8896,0.9082,0.8418,0.9196,0.9619,0.8429,0.9626,0.7886,1.0000,0.8062,0.8047;
0.7687,0.8040,0.8110,0.7687,0.7869,0.8040,0.8218,0.8459,0.8110,0.8247,0.7869,1.0000,0.8110,0.8357,0.8177,0.8167,0.9651,0.8040,0.7899,0.7655,1.0000,0.9618,0.8040,0.9611,0.8771,0.8389,0.8250,0.8673,0.8040,0.8069,0.8991,0.8218,0.8061,0.9447,0.8281,0.8429,0.8250,0.9651,0.8110,0.8759,0.8757,0.9431,0.8820,0.9821,0.7869,0.7869,0.8167,0.7869,0.7665,0.8079,0.7869,0.8757,0.8583,0.7921,0.8079,0.8040,0.9392,1.0000,0.9017,0.9821,0.7899,0.8110,0.8586,0.8129,0.7869,0.8218,0.7655,0.7869,0.8047,0.7869,0.8218,0.9221,0.8333,0.8281,0.7240,0.7650,0.7914,0.7977,0.9447,0.9447,0.8763,0.8758,0.8281,0.9821,0.8453,0.8110,0.7723,0.9407,0.8771,0.8573,0.8973,0.8787,0.7899,0.8673,0.8250,0.9440,0.8243,0.8581,0.7869,0.8758,0.9821;
0.8026,0.8037,1.0000,0.8026,0.8208,0.8037,0.7859,0.9651,1.0000,0.7888,0.8208,0.8110,1.0000,0.8950,0.8932,0.8921,0.8459,0.8037,0.9789,0.9085,0.8110,0.8492,0.8037,0.8078,0.8317,0.9136,0.8996,0.8022,0.8037,0.7841,0.8097,0.7859,0.7849,0.8663,0.9829,0.8069,0.8248,0.8459,1.0000,0.7509,0.7864,0.8679,0.8268,0.8288,0.8208,0.8208,0.8921,0.8208,0.8411,0.8418,0.8208,0.7864,0.9330,0.8741,0.8418,0.8037,0.8297,0.8110,0.8672,0.8288,0.9789,1.0000,0.9171,0.8424,0.8208,0.7859,0.9085,0.8208,0.8029,0.8208,0.7859,0.8468,0.8285,0.9829,0.8670,0.8624,0.9367,0.8977,0.8663,0.8663,0.9347,0.8549,0.9829,0.8288,0.8241,0.8966,0.9613,0.8281,0.8317,0.8977,0.8519,0.9126,0.9789,0.8022,0.8248,0.8249,0.8031,0.7688,0.8208,0.8549,0.8288;
0.8184,0.7832,0.8950,0.8184,0.8003,0.7832,0.7653,0.8601,0.8950,0.8046,0.8003,0.8357,0.8950,1.0000,0.9575,0.9564,0.8706,0.7832,0.8739,0.8035,0.8357,0.8332,0.7832,0.8325,0.9367,0.8887,0.8747,0.7817,0.7832,0.7999,0.9147,0.7653,0.8007,0.8502,0.8779,0.7864,0.8042,0.8706,0.8950,0.8559,0.8914,0.8925,0.9318,0.8535,0.8003,0.8003,0.9564,0.8003,0.7799,0.8213,0.8003,0.8914,0.8717,0.9384,0.8213,0.7832,0.8544,0.8357,0.8511,0.8535,0.8739,0.8950,0.8966,0.8263,0.8003,0.7653,0.8035,0.8003,0.7824,0.8003,0.7653,0.8715,0.8972,0.8779,0.7983,0.7574,0.8754,0.9620,0.8502,0.8502,0.9142,0.9599,0.8779,0.8535,0.8036,0.9609,0.8563,0.8121,0.9367,0.8728,0.8765,0.8921,0.8739,0.7817,0.8042,0.8495,0.7826,0.8738,0.8003,0.9599,0.8535;
0.8202,0.7850,0.8932,0.8202,0.8020,0.7850,0.7671,0.8583,0.8932,0.8063,0.8020,0.8177,0.8932,0.9575,1.0000,0.9765,0.8527,0.7850,0.8722,0.8017,0.8177,0.8559,0.7850,0.8145,0.9160,0.9311,0.9172,0.7637,0.7850,0.7820,0.8941,0.7671,0.7828,0.8730,0.8761,0.7882,0.8060,0.8527,0.8932,0.8353,0.8708,0.8746,0.9112,0.8356,0.8020,0.8020,0.9765,0.8020,0.8224,0.8231,0.8020,0.8708,0.9142,0.9558,0.8231,0.7850,0.8365,0.8177,0.8739,0.8356,0.8722,0.8932,0.8541,0.8688,0.8020,0.7671,0.8017,0.8020,0.7842,0.8020,0.7671,0.8536,0.8738,0.8761,0.7965,0.7802,0.8737,0.9602,0.8730,0.8730,0.8717,0.9174,0.8761,0.8356,0.7857,0.9758,0.8545,0.8349,0.9160,0.9153,0.8783,0.8939,0.8722,0.7637,0.8060,0.8316,0.7646,0.8531,0.8020,0.9174,0.8356;
0.7967,0.7615,0.8921,0.7967,0.7785,0.7615,0.7436,0.8572,0.8921,0.7828,0.7785,0.8167,0.8921,0.9564,0.9765,1.0000,0.8516,0.7615,0.8711,0.8006,0.8167,0.8549,0.7615,0.8135,0.9395,0.9077,0.8937,0.7627,0.7615,0.7810,0.9176,0.7436,0.7817,0.8719,0.8750,0.7647,0.7825,0.8516,0.8921,0.8588,0.8943,0.8735,0.9347,0.8345,0.7785,0.7785,1.0000,0.7785,0.7989,0.7996,0.7785,0.8943,0.8907,0.9602,0.7996,0.7615,0.8354,0.8167,0.8728,0.8345,0.8711,0.8921,0.8530,0.8453,0.7785,0.7436,0.8006,0.7785,0.7607,0.7785,0.7436,0.8525,0.8782,0.8750,0.7954,0.7791,0.8726,0.9591,0.8719,0.8719,0.8706,0.9163,0.8750,0.8345,0.7846,0.9845,0.8534,0.8338,0.9395,0.8918,0.8548,0.8704,0.8711,0.7627,0.7825,0.8305,0.7636,0.8766,0.7785,0.9163,0.8345;
0.8036,0.8047,0.8459,0.8036,0.8218,0.8047,0.7869,0.8110,0.8459,0.7898,0.8218,0.9651,0.8459,0.8706,0.8527,0.8516,1.0000,0.8047,0.8249,0.8005,0.9651,0.9626,0.8047,0.9619,0.8779,0.8739,0.8599,0.8680,0.8047,0.8061,0.8998,0.7869,0.8069,0.9796,0.8288,0.8079,0.8258,1.0000,0.8459,0.8410,0.8765,0.9781,0.9169,0.9829,0.8218,0.8218,0.8516,0.8218,0.8015,0.8429,0.8218,0.8765,0.8933,0.8271,0.8429,0.8047,0.9399,0.9651,0.9367,0.9829,0.8249,0.8459,0.8936,0.8479,0.8218,0.7869,0.8005,0.8218,0.8040,0.8218,0.7869,0.9570,0.8682,0.8288,0.7590,0.7999,0.8264,0.8326,0.9796,0.9796,0.9112,0.8765,0.8288,0.9829,0.8461,0.8459,0.8072,0.9415,0.8779,0.8580,0.8981,0.9136,0.8249,0.8680,0.8258,0.9789,0.8250,0.8589,0.8218,0.8765,0.9829;
0.9648,1.0000,0.8037,0.9648,0.9829,1.0000,0.9821,0.8029,0.8037,0.9429,0.9829,0.8040,0.8037,0.7832,0.7850,0.7615,0.8047,1.0000,0.8248,0.8952,0.8040,0.8015,1.0000,0.8429,0.8219,0.8514,0.8374,0.9367,1.0000,0.9266,0.8000,0.9821,0.9615,0.7844,0.8208,0.9611,0.9789,0.8047,0.8037,0.7878,0.8233,0.8267,0.7829,0.8218,0.9829,0.9829,0.7615,0.9829,0.9626,0.9619,0.9829,0.8233,0.8707,0.7828,0.9619,1.0000,0.8648,0.8040,0.8274,0.8218,0.8248,0.8037,0.8513,0.9162,0.9829,0.9821,0.8952,0.9829,0.9651,0.9829,0.9821,0.8477,0.8295,0.8208,0.9004,0.9204,0.8318,0.7452,0.7844,0.7844,0.8690,0.8233,0.8208,0.8218,0.9586,0.7607,0.8071,0.8225,0.8219,0.8697,0.9066,0.8911,0.8248,0.9367,0.9789,0.8258,0.9797,0.8057,0.9829,0.8233,0.8218;
0.8237,0.8248,0.9789,0.8237,0.8418,0.8248,0.8069,0.9440,0.9789,0.7677,0.8418,0.7899,0.9789,0.8739,0.8722,0.8711,0.8249,0.8248,1.0000,0.9295,0.7899,0.8281,0.8248,0.8288,0.8106,0.8925,0.8786,0.7811,0.8248,0.8052,0.7887,0.8069,0.8060,0.8452,0.9619,0.7859,0.8037,0.8249,0.9789,0.7298,0.7653,0.8468,0.8058,0.8078,0.8418,0.8418,0.8711,0.8418,0.8622,0.8208,0.8418,0.7653,0.9119,0.8952,0.8208,0.8248,0.8508,0.7899,0.8882,0.8078,1.0000,0.9789,0.8960,0.8634,0.8418,0.8069,0.9295,0.8418,0.8240,0.8418,0.8069,0.8679,0.8075,0.9619,0.8880,0.8835,0.9156,0.8767,0.8452,0.8452,0.9137,0.8338,0.9619,0.8078,0.8031,0.8755,0.9824,0.8492,0.8106,0.8767,0.8729,0.8916,1.0000,0.7811,0.8037,0.8459,0.8241,0.7477,0.8418,0.8338,0.8078;
0.8942,0.8952,0.9085,0.8942,0.9123,0.8952,0.8774,0.8735,0.9085,0.8382,0.9123,0.7655,0.9085,0.8035,0.8017,0.8006,0.8005,0.8952,0.9295,1.0000,0.7655,0.8037,0.8952,0.8044,0.7862,0.8681,0.8541,0.8516,0.8952,0.8757,0.7643,0.8774,0.8764,0.8208,0.8914,0.8563,0.8742,0.8005,0.9085,0.7054,0.7409,0.8224,0.7813,0.7834,0.9123,0.9123,0.8006,0.9123,0.9327,0.8913,0.9123,0.7409,0.8875,0.8247,0.8913,0.8952,0.8264,0.7655,0.8638,0.7834,0.9295,0.9085,0.8716,0.8863,0.9123,0.8774,1.0000,0.9123,0.8945,0.9123,0.8774,0.8435,0.8307,0.8914,0.9585,0.9539,0.8928,0.8062,0.8208,0.8208,0.8893,0.8094,0.8914,0.7834,0.8735,0.8051,0.9119,0.8248,0.7862,0.8523,0.8485,0.8671,0.9295,0.8516,0.8742,0.8215,0.8946,0.7233,0.9123,0.8094,0.7834;
0.7687,0.8040,0.8110,0.7687,0.7869,0.8040,0.8218,0.8459,0.8110,0.8247,0.7869,1.0000,0.8110,0.8357,0.8177,0.8167,0.9651,0.8040,0.7899,0.7655,1.0000,0.9618,0.8040,0.9611,0.8771,0.8389,0.8250,0.8673,0.8040,0.8069,0.8991,0.8218,0.8061,0.9447,0.8281,0.8429,0.8250,0.9651,0.8110,0.8759,0.8757,0.9431,0.8820,0.9821,0.7869,0.7869,0.8167,0.7869,0.7665,0.8079,0.7869,0.8757,0.8583,0.7921,0.8079,0.8040,0.9392,1.0000,0.9017,0.9821,0.7899,0.8110,0.8586,0.8129,0.7869,0.8218,0.7655,0.7869,0.8047,0.7869,0.8218,0.9221,0.8333,0.8281,0.7240,0.7650,0.7914,0.7977,0.9447,0.9447,0.8763,0.8758,0.8281,0.9821,0.8453,0.8110,0.7723,0.9407,0.8771,0.8573,0.8973,0.8787,0.7899,0.8673,0.8250,0.9440,0.8243,0.8581,0.7869,0.8758,0.9821;
0.7662,0.8015,0.8492,0.7662,0.7844,0.8015,0.7836,0.8484,0.8492,0.7865,0.7844,0.9618,0.8492,0.8332,0.8559,0.8549,0.9626,0.8015,0.8281,0.8037,0.9618,1.0000,0.8015,0.9586,0.8746,0.8772,0.8632,0.8648,0.8015,0.7687,0.8966,0.7836,0.8036,0.9829,0.8663,0.8047,0.8225,0.9626,0.8492,0.8377,0.8732,0.9406,0.8795,0.9796,0.7844,0.7844,0.8549,0.7844,0.8047,0.8054,0.7844,0.8732,0.8965,0.8303,0.8054,0.8015,0.9367,0.9618,0.9399,0.9796,0.8281,0.8492,0.8561,0.8511,0.7844,0.7836,0.8037,0.7844,0.7665,0.7844,0.7836,0.9196,0.8308,0.8663,0.7622,0.8032,0.8296,0.8359,0.9829,0.9829,0.8738,0.8733,0.8663,0.9796,0.8428,0.8492,0.8105,0.9789,0.8746,0.8955,0.8948,0.8762,0.8281,0.8648,0.8225,0.9415,0.8218,0.8556,0.7844,0.8733,0.9796;
0.9648,1.0000,0.8037,0.9648,0.9829,1.0000,0.9821,0.8029,0.8037,0.9429,0.9829,0.8040,0.8037,0.7832,0.7850,0.7615,0.8047,1.0000,0.8248,0.8952,0.8040,0.8015,1.0000,0.8429,0.8219,0.8514,0.8374,0.9367,1.0000,0.9266,0.8000,0.9821,0.9615,0.7844,0.8208,0.9611,0.9789,0.8047,0.8037,0.7878,0.8233,0.8267,0.7829,0.8218,0.9829,0.9829,0.7615,0.9829,0.9626,0.9619,0.9829,0.8233,0.8707,0.7828,0.9619,1.0000,0.8648,0.8040,0.8274,0.8218,0.8248,0.8037,0.8513,0.9162,0.9829,0.9821,0.8952,0.9829,0.9651,0.9829,0.9821,0.8477,0.8295,0.8208,0.9004,0.9204,0.8318,0.7452,0.7844,0.7844,0.8690,0.8233,0.8208,0.8218,0.9586,0.7607,0.8071,0.8225,0.8219,0.8697,0.9066,0.8911,0.8248,0.9367,0.9789,0.8258,0.9797,0.8057,0.9829,0.8233,0.8218;
0.8076,0.8429,0.8078,0.8076,0.8258,0.8429,0.8250,0.8070,0.8078,0.7858,0.8258,0.9611,0.8078,0.8325,0.8145,0.8135,0.9619,0.8429,0.8288,0.8044,0.9611,0.9586,0.8429,1.0000,0.8739,0.8357,0.8218,0.8641,0.8429,0.8101,0.8959,0.8250,0.8450,0.9415,0.8249,0.8040,0.8218,0.9619,0.8078,0.8370,0.8725,0.9399,0.8788,0.9789,0.8258,0.8258,0.8135,0.8258,0.8054,0.8047,0.8258,0.8725,0.8551,0.8310,0.8047,0.8429,0.9781,0.9611,0.9406,0.9789,0.8288,0.8078,0.8554,0.8518,0.8258,0.8250,0.8044,0.8258,0.8079,0.8258,0.8250,0.9610,0.8301,0.8249,0.7629,0.8039,0.7882,0.7945,0.9415,0.9415,0.8731,0.8726,0.8249,0.9789,0.8421,0.8078,0.8112,0.9796,0.8739,0.8541,0.9362,0.8755,0.8288,0.8641,0.8218,0.9829,0.8632,0.8549,0.8258,0.8726,0.9789;
0.8230,0.8219,0.8317,0.8230,0.8048,0.8219,0.8041,0.8309,0.8317,0.8433,0.8048,0.8771,0.8317,0.9367,0.9160,0.9395,0.8779,0.8219,0.8106,0.7862,0.8771,0.8746,0.8219,0.8739,1.0000,0.8933,0.8793,0.8231,0.8219,0.8072,0.9781,0.8041,0.8422,0.8575,0.8487,0.8251,0.8430,0.8779,0.8317,0.9192,0.9547,0.8998,0.9610,0.8950,0.8048,0.8048,0.9395,0.8048,0.7845,0.8259,0.8048,0.9547,0.8763,0.8997,0.8259,0.8219,0.8959,0.8771,0.8584,0.8950,0.8106,0.8317,0.8793,0.8309,0.8048,0.8041,0.7862,0.8048,0.7870,0.8048,0.8041,0.8788,0.9045,0.8487,0.7810,0.7647,0.8121,0.8987,0.8575,0.8575,0.8969,0.9768,0.8487,0.8950,0.8451,0.9240,0.7930,0.8536,1.0000,0.9116,0.9153,0.8967,0.8106,0.8231,0.8430,0.8568,0.8240,0.9371,0.8048,0.9768,0.8950;
0.8866,0.8514,0.9136,0.8866,0.8684,0.8514,0.8335,0.8786,0.9136,0.8727,0.8684,0.8389,0.9136,0.8887,0.9311,0.9077,0.8739,0.8514,0.8925,0.8681,0.8389,0.8772,0.8514,0.8357,0.8933,1.0000,0.9860,0.8302,0.8514,0.8484,0.8713,0.8335,0.8492,0.8942,0.8965,0.8546,0.8724,0.8739,0.9136,0.8162,0.8480,0.8958,0.8884,0.8568,0.8684,0.8684,0.9077,0.8684,0.8888,0.8895,0.8684,0.8480,0.9806,0.8869,0.8895,0.8514,0.8577,0.8389,0.8951,0.8568,0.8925,0.9136,0.9242,0.8900,0.8684,0.8335,0.8681,0.8684,0.8506,0.8684,0.8335,0.8748,0.8547,0.8965,0.8629,0.8466,0.8977,0.8951,0.8942,0.8942,0.9381,0.8946,0.8965,0.8568,0.8521,0.9069,0.8786,0.8561,0.8933,0.9817,0.8995,0.9603,0.8925,0.8302,0.8724,0.8528,0.8310,0.8340,0.8684,0.8946,0.8568;
0.8726,0.8374,0.8996,0.8726,0.8545,0.8374,0.8195,0.8647,0.8996,0.8588,0.8545,0.8250,0.8996,0.8747,0.9172,0.8937,0.8599,0.8374,0.8786,0.8541,0.8250,0.8632,0.8374,0.8218,0.8793,0.9860,1.0000,0.8162,0.8374,0.8345,0.8573,0.8195,0.8352,0.8803,0.8825,0.8406,0.8584,0.8599,0.8996,0.8301,0.8340,0.8819,0.8744,0.8428,0.8545,0.8545,0.8937,0.8545,0.8748,0.8755,0.8545,0.8340,0.9666,0.8730,0.8755,0.8374,0.8437,0.8250,0.8811,0.8428,0.8786,0.8996,0.9381,0.8760,0.8545,0.8195,0.8541,0.8545,0.8366,0.8545,0.8195,0.8608,0.8687,0.8825,0.8490,0.8326,0.9116,0.9090,0.8803,0.8803,0.9242,0.8807,0.8825,0.8428,0.8381,0.8930,0.8925,0.8421,0.8793,0.9677,0.8856,0.9463,0.8786,0.8162,0.8584,0.8389,0.8171,0.8480,0.8545,0.8807,0.8428;
0.9014,0.9367,0.8022,0.9014,0.9196,0.9367,0.9188,0.8014,0.8022,0.9217,0.9196,0.8673,0.8022,0.7817,0.7637,0.7627,0.8680,0.9367,0.7811,0.8516,0.8673,0.8648,0.9367,0.8641,0.8231,0.8302,0.8162,1.0000,0.9367,0.9039,0.8451,0.9188,0.9388,0.8477,0.8193,0.9399,0.9577,0.8680,0.8022,0.8329,0.8684,0.8461,0.8280,0.8851,0.9196,0.9196,0.7627,0.9196,0.8993,0.9407,0.9196,0.8684,0.8495,0.7381,0.9407,0.9367,0.8421,0.8673,0.8047,0.8851,0.7811,0.8022,0.8498,0.8528,0.9196,0.9188,0.8516,0.9196,0.9018,0.9196,0.9188,0.8250,0.8269,0.8193,0.8568,0.8977,0.8303,0.7437,0.8477,0.8477,0.8675,0.8218,0.8193,0.8851,0.9781,0.7570,0.7635,0.8437,0.8231,0.8485,0.8433,0.8699,0.7811,1.0000,0.9577,0.8470,0.9570,0.8508,0.9196,0.8218,0.8851;
0.9648,1.0000,0.8037,0.9648,0.9829,1.0000,0.9821,0.8029,0.8037,0.9429,0.9829,0.8040,0.8037,0.7832,0.7850,0.7615,0.8047,1.0000,0.8248,0.8952,0.8040,0.8015,1.0000,0.8429,0.8219,0.8514,0.8374,0.9367,1.0000,0.9266,0.8000,0.9821,0.9615,0.7844,0.8208,0.9611,0.9789,0.8047,0.8037,0.7878,0.8233,0.8267,0.7829,0.8218,0.9829,0.9829,0.7615,0.9829,0.9626,0.9619,0.9829,0.8233,0.8707,0.7828,0.9619,1.0000,0.8648,0.8040,0.8274,0.8218,0.8248,0.8037,0.8513,0.9162,0.9829,0.9821,0.8952,0.9829,0.9651,0.9829,0.9821,0.8477,0.8295,0.8208,0.9004,0.9204,0.8318,0.7452,0.7844,0.7844,0.8690,0.8233,0.8208,0.8218,0.9586,0.7607,0.8071,0.8225,0.8219,0.8697,0.9066,0.8911,0.8248,0.9367,0.9789,0.8258,0.9797,0.8057,0.9829,0.8233,0.8218;
0.9618,0.9266,0.7841,0.9618,0.9437,0.9266,0.9444,0.7849,0.7841,0.9415,0.9437,0.8069,0.7841,0.7999,0.7820,0.7810,0.8061,0.9266,0.8052,0.8757,0.8069,0.7687,0.9266,0.8101,0.8072,0.8484,0.8345,0.9039,0.9266,1.0000,0.7853,0.9444,0.9651,0.7858,0.7671,0.9234,0.9055,0.8061,0.7841,0.8088,0.8086,0.8280,0.8024,0.7890,0.9437,0.9437,0.7810,0.9437,0.9233,0.9226,0.9437,0.8086,0.8315,0.7985,0.9226,0.9266,0.8320,0.8069,0.8288,0.7890,0.8052,0.7841,0.8318,0.8769,0.9437,0.9444,0.8757,0.9437,0.9615,0.9437,0.9444,0.8491,0.8089,0.7671,0.9172,0.9217,0.8122,0.7620,0.7858,0.7858,0.8494,0.8059,0.7671,0.7890,0.9258,0.7753,0.7876,0.7897,0.8072,0.8326,0.8332,0.8518,0.8052,0.9039,0.9055,0.8272,0.9469,0.7910,0.9437,0.8059,0.7890;
0.8011,0.8000,0.8097,0.8011,0.7829,0.8000,0.7821,0.8090,0.8097,0.8214,0.7829,0.8991,0.8097,0.9147,0.8941,0.9176,0.8998,0.8000,0.7887,0.7643,0.8991,0.8966,0.8000,0.8959,0.9781,0.8713,0.8573,0.8451,0.8000,0.7853,1.0000,0.7821,0.8202,0.8795,0.8268,0.8032,0.8210,0.8998,0.8097,0.9412,0.9767,0.8779,0.9829,0.9169,0.7829,0.7829,0.9176,0.7829,0.7626,0.8040,0.7829,0.9767,0.8544,0.8778,0.8040,0.8000,0.8739,0.8991,0.8365,0.9169,0.7887,0.8097,0.8573,0.8090,0.7829,0.7821,0.7643,0.7829,0.7651,0.7829,0.7821,0.8568,0.8826,0.8268,0.7591,0.7428,0.7902,0.8767,0.8795,0.8795,0.8750,0.9548,0.8268,0.9169,0.8231,0.9021,0.7710,0.8755,0.9781,0.8896,0.8934,0.8747,0.7887,0.8451,0.8210,0.8788,0.8021,0.9590,0.7829,0.9548,0.9169;
0.9469,0.9821,0.7859,0.9469,0.9651,0.9821,1.0000,0.8208,0.7859,0.9608,0.9651,0.8218,0.7859,0.7653,0.7671,0.7436,0.7869,0.9821,0.8069,0.8774,0.8218,0.7836,0.9821,0.8250,0.8041,0.8335,0.8195,0.9188,0.9821,0.9444,0.7821,1.0000,0.9437,0.7665,0.8029,0.9789,0.9611,0.7869,0.7859,0.8057,0.8055,0.8088,0.7651,0.8040,0.9651,0.9651,0.7436,0.9651,0.9447,0.9440,0.9651,0.8055,0.8529,0.7650,0.9440,0.9821,0.8469,0.8218,0.8095,0.8040,0.8069,0.7859,0.8335,0.8983,0.9651,1.0000,0.8774,0.9651,0.9829,0.9651,1.0000,0.8299,0.8116,0.8029,0.8825,0.9025,0.8139,0.7273,0.7665,0.7665,0.8511,0.8054,0.8029,0.8040,0.9408,0.7429,0.7893,0.8047,0.8041,0.8518,0.8888,0.8732,0.8069,0.9188,0.9611,0.8079,0.9618,0.7878,0.9651,0.8054,0.8040;
0.9626,0.9615,0.7849,0.9626,0.9444,0.9615,0.9437,0.7841,0.7849,0.9408,0.9444,0.8061,0.7849,0.8007,0.7828,0.7817,0.8069,0.9615,0.8060,0.8764,0.8061,0.8036,0.9615,0.8450,0.8422,0.8492,0.8352,0.9388,0.9615,0.9651,0.8202,0.9437,1.0000,0.7865,0.8020,0.9226,0.9405,0.8069,0.7849,0.8081,0.8436,0.8288,0.8032,0.8240,0.9444,0.9444,0.7817,0.9444,0.9241,0.9234,0.9444,0.8436,0.8323,0.7993,0.9234,0.9615,0.8670,0.8061,0.8295,0.8240,0.8060,0.7849,0.8325,0.8777,0.9444,0.9437,0.8764,0.9444,0.9266,0.9444,0.9437,0.8499,0.8096,0.8020,0.9179,0.9225,0.8130,0.7627,0.7865,0.7865,0.8502,0.8408,0.8020,0.8240,0.9608,0.7760,0.7883,0.8247,0.8422,0.8675,0.8682,0.8526,0.8060,0.9388,0.9405,0.8279,0.9818,0.8259,0.9444,0.8408,0.8240;
0.7833,0.7844,0.8663,0.7833,0.8015,0.7844,0.7665,0.8313,0.8663,0.7694,0.8015,0.9447,0.8663,0.8502,0.8730,0.8719,0.9796,0.7844,0.8452,0.8208,0.9447,0.9829,0.7844,0.9415,0.8575,0.8942,0.8803,0.8477,0.7844,0.7858,0.8795,0.7665,0.7865,1.0000,0.8492,0.7876,0.8054,0.9796,0.8663,0.8207,0.8562,0.9577,0.8966,0.9626,0.8015,0.8015,0.8719,0.8015,0.8218,0.8225,0.8015,0.8562,0.9136,0.8474,0.8225,0.7844,0.9196,0.9447,0.9570,0.9626,0.8452,0.8663,0.8732,0.8682,0.8015,0.7665,0.8208,0.8015,0.7836,0.8015,0.7665,0.9367,0.8479,0.8492,0.7793,0.8202,0.8467,0.8529,1.0000,1.0000,0.8908,0.8562,0.8492,0.9626,0.8257,0.8663,0.8276,0.9619,0.8575,0.8784,0.8777,0.8933,0.8452,0.8477,0.8054,0.9586,0.8047,0.8385,0.8015,0.8562,0.9626;
0.7855,0.8208,0.9829,0.7855,0.8037,0.8208,0.8029,0.9821,0.9829,0.8058,0.8037,0.8281,0.9829,0.8779,0.8761,0.8750,0.8288,0.8208,0.9619,0.8914,0.8281,0.8663,0.8208,0.8249,0.8487,0.8965,0.8825,0.8193,0.8208,0.7671,0.8268,0.8029,0.8020,0.8492,1.0000,0.8240,0.8418,0.8288,0.9829,0.7680,0.8035,0.8508,0.8097,0.8459,0.8037,0.8037,0.8750,0.8037,0.8241,0.8248,0.8037,0.8035,0.9159,0.8570,0.8248,0.8208,0.8468,0.8281,0.8501,0.8459,0.9619,0.9829,0.9000,0.8253,0.8037,0.8029,0.8914,0.8037,0.7859,0.8037,0.8029,0.8297,0.8114,1.0000,0.8499,0.8453,0.9196,0.8806,0.8492,0.8492,0.9177,0.8720,1.0000,0.8459,0.8412,0.8795,0.9442,0.8452,0.8487,0.9148,0.8690,0.8955,0.9619,0.8193,0.8418,0.8078,0.8202,0.7858,0.8037,0.8720,0.8459;
0.9258,0.9611,0.8069,0.9258,0.9440,0.9611,0.9789,0.8418,0.8069,0.9818,0.9440,0.8429,0.8069,0.7864,0.7882,0.7647,0.8079,0.9611,0.7859,0.8563,0.8429,0.8047,0.9611,0.8040,0.8251,0.8546,0.8406,0.9399,0.9611,0.9234,0.8032,0.9789,0.9226,0.7876,0.8240,1.0000,0.9821,0.8079,0.8069,0.8267,0.8265,0.8299,0.7861,0.8250,0.9440,0.9440,0.7647,0.9440,0.9237,0.9651,0.9440,0.8265,0.8739,0.7439,0.9651,0.9611,0.8259,0.8429,0.7885,0.8250,0.7859,0.8069,0.8545,0.8773,0.9440,0.9789,0.8563,0.9440,0.9619,0.9440,0.9789,0.8088,0.8327,0.8240,0.8615,0.8815,0.8350,0.7484,0.7876,0.7876,0.8722,0.8265,0.8240,0.8250,0.9618,0.7639,0.7682,0.7836,0.8251,0.8729,0.8677,0.8943,0.7859,0.9399,0.9821,0.7869,0.9408,0.8089,0.9440,0.8265,0.8250;
0.9437,0.9789,0.8248,0.9437,0.9619,0.9789,0.9611,0.8240,0.8248,0.9640,0.9619,0.8250,0.8248,0.8042,0.8060,0.7825,0.8258,0.9789,0.8037,0.8742,0.8250,0.8225,0.9789,0.8218,0.8430,0.8724,0.8584,0.9577,0.9789,0.9055,0.8210,0.9611,0.9405,0.8054,0.8418,0.9821,1.0000,0.8258,0.8248,0.8089,0.8444,0.8477,0.8040,0.8429,0.9619,0.9619,0.7825,0.9619,0.9415,0.9829,0.9619,0.8444,0.8918,0.7618,0.9829,0.9789,0.8437,0.8250,0.8063,0.8429,0.8037,0.8248,0.8724,0.8951,0.9619,0.9611,0.8742,0.9619,0.9440,0.9619,0.9611,0.8267,0.8506,0.8418,0.8793,0.8993,0.8528,0.7662,0.8054,0.8054,0.8900,0.8444,0.8418,0.8429,0.9797,0.7818,0.7861,0.8015,0.8430,0.8907,0.8856,0.9122,0.8037,0.9577,1.0000,0.8047,0.9586,0.8267,0.9619,0.8444,0.8429;
0.8036,0.8047,0.8459,0.8036,0.8218,0.8047,0.7869,0.8110,0.8459,0.7898,0.8218,0.9651,0.8459,0.8706,0.8527,0.8516,1.0000,0.8047,0.8249,0.8005,0.9651,0.9626,0.8047,0.9619,0.8779,0.8739,0.8599,0.8680,0.8047,0.8061,0.8998,0.7869,0.8069,0.9796,0.8288,0.8079,0.8258,1.0000,0.8459,0.8410,0.8765,0.9781,0.9169,0.9829,0.8218,0.8218,0.8516,0.8218,0.8015,0.8429,0.8218,0.8765,0.8933,0.8271,0.8429,0.8047,0.9399,0.9651,0.9367,0.9829,0.8249,0.8459,0.8936,0.8479,0.8218,0.7869,0.8005,0.8218,0.8040,0.8218,0.7869,0.9570,0.8682,0.8288,0.7590,0.7999,0.8264,0.8326,0.9796,0.9796,0.9112,0.8765,0.8288,0.9829,0.8461,0.8459,0.8072,0.9415,0.8779,0.8580,0.8981,0.9136,0.8249,0.8680,0.8258,0.9789,0.8250,0.8589,0.8218,0.8765,0.9829;
0.8026,0.8037,1.0000,0.8026,0.8208,0.8037,0.7859,0.9651,1.0000,0.7888,0.8208,0.8110,1.0000,0.8950,0.8932,0.8921,0.8459,0.8037,0.9789,0.9085,0.8110,0.8492,0.8037,0.8078,0.8317,0.9136,0.8996,0.8022,0.8037,0.7841,0.8097,0.7859,0.7849,0.8663,0.9829,0.8069,0.8248,0.8459,1.0000,0.7509,0.7864,0.8679,0.8268,0.8288,0.8208,0.8208,0.8921,0.8208,0.8411,0.8418,0.8208,0.7864,0.9330,0.8741,0.8418,0.8037,0.8297,0.8110,0.8672,0.8288,0.9789,1.0000,0.9171,0.8424,0.8208,0.7859,0.9085,0.8208,0.8029,0.8208,0.7859,0.8468,0.8285,0.9829,0.8670,0.8624,0.9367,0.8977,0.8663,0.8663,0.9347,0.8549,0.9829,0.8288,0.8241,0.8966,0.9613,0.8281,0.8317,0.8977,0.8519,0.9126,0.9789,0.8022,0.8248,0.8249,0.8031,0.7688,0.8208,0.8549,0.8288;
0.7889,0.7878,0.7509,0.7889,0.7707,0.7878,0.8057,0.7858,0.7509,0.8449,0.7707,0.8759,0.7509,0.8559,0.8353,0.8588,0.8410,0.7878,0.7298,0.7054,0.8759,0.8377,0.7878,0.8370,0.9192,0.8162,0.8301,0.8329,0.7878,0.8088,0.9412,0.8057,0.8081,0.8207,0.7680,0.8267,0.8089,0.8410,0.7509,1.0000,0.9645,0.8191,0.9241,0.8581,0.7707,0.7707,0.8588,0.7707,0.7504,0.7918,0.7707,0.9645,0.7956,0.8189,0.7918,0.7878,0.8151,0.8759,0.7777,0.8581,0.7298,0.7509,0.8338,0.7968,0.7707,0.8057,0.7054,0.7707,0.7886,0.7707,0.8057,0.7980,0.8590,0.7680,0.7469,0.7306,0.7666,0.8532,0.8207,0.8207,0.8162,0.8960,0.7680,0.8581,0.8110,0.8433,0.7475,0.8167,0.9192,0.8308,0.8345,0.8159,0.7298,0.8329,0.8089,0.8200,0.7899,0.9821,0.7707,0.8960,0.8581;
0.8244,0.8233,0.7864,0.8244,0.8062,0.8233,0.8055,0.7856,0.7864,0.8447,0.8062,0.8757,0.7864,0.8914,0.8708,0.8943,0.8765,0.8233,0.7653,0.7409,0.8757,0.8732,0.8233,0.8725,0.9547,0.8480,0.8340,0.8684,0.8233,0.8086,0.9767,0.8055,0.8436,0.8562,0.8035,0.8265,0.8444,0.8765,0.7864,0.9645,1.0000,0.8546,0.9596,0.8936,0.8062,0.8062,0.8943,0.8062,0.7859,0.8273,0.8062,1.0000,0.8311,0.8544,0.8273,0.8233,0.8506,0.8757,0.8132,0.8936,0.7653,0.7864,0.8340,0.8323,0.8062,0.8055,0.7409,0.8062,0.7884,0.8062,0.8055,0.8335,0.8592,0.8035,0.7824,0.7661,0.7668,0.8534,0.8562,0.8562,0.8517,0.9315,0.8035,0.8936,0.8465,0.8788,0.7477,0.8522,0.9547,0.8663,0.8700,0.8514,0.7653,0.8684,0.8444,0.8554,0.8254,0.9824,0.8062,0.9315,0.8936;
0.8256,0.8267,0.8679,0.8256,0.8437,0.8267,0.8088,0.8329,0.8679,0.8117,0.8437,0.9431,0.8679,0.8925,0.8746,0.8735,0.9781,0.8267,0.8468,0.8224,0.9431,0.9406,0.8267,0.9399,0.8998,0.8958,0.8819,0.8461,0.8267,0.8280,0.8779,0.8088,0.8288,0.9577,0.8508,0.8299,0.8477,0.9781,0.8679,0.8191,0.8546,1.0000,0.8950,0.9610,0.8437,0.8437,0.8735,0.8437,0.8234,0.8648,0.8437,0.8546,0.9152,0.8490,0.8648,0.8267,0.9619,0.9431,0.9586,0.9610,0.8468,0.8679,0.9155,0.8698,0.8437,0.8088,0.8224,0.8437,0.8259,0.8437,0.8088,0.9789,0.8901,0.8508,0.7809,0.8218,0.8483,0.8545,0.9577,0.9577,0.9331,0.8985,0.8508,0.9610,0.8680,0.8679,0.8292,0.9196,0.8998,0.8800,0.9200,0.9356,0.8468,0.8461,0.8477,0.9570,0.8470,0.8369,0.8437,0.8985,0.9610;
0.8182,0.7829,0.8268,0.8182,0.8000,0.7829,0.7651,0.7919,0.8268,0.8043,0.8000,0.8820,0.8268,0.9318,0.9112,0.9347,0.9169,0.7829,0.8058,0.7813,0.8820,0.8795,0.7829,0.8788,0.9610,0.8884,0.8744,0.8280,0.7829,0.8024,0.9829,0.7651,0.8032,0.8966,0.8097,0.7861,0.8040,0.9169,0.8268,0.9241,0.9596,0.8950,1.0000,0.8998,0.8000,0.8000,0.9347,0.8000,0.7796,0.8210,0.8000,0.9596,0.8715,0.8948,0.8210,0.7829,0.8568,0.8820,0.8536,0.8998,0.8058,0.8268,0.8744,0.8260,0.8000,0.7651,0.7813,0.8000,0.7821,0.8000,0.7651,0.8739,0.8997,0.8097,0.7762,0.7598,0.8072,0.8938,0.8966,0.8966,0.8921,0.9378,0.8097,0.8998,0.8061,0.9192,0.7881,0.8584,0.9610,0.8725,0.8763,0.8918,0.8058,0.8280,0.8040,0.8959,0.7850,0.9419,0.8000,0.9378,0.8998;
0.7866,0.8218,0.8288,0.7866,0.8047,0.8218,0.8040,0.8281,0.8288,0.8068,0.8047,0.9821,0.8288,0.8535,0.8356,0.8345,0.9829,0.8218,0.8078,0.7834,0.9821,0.9796,0.8218,0.9789,0.8950,0.8568,0.8428,0.8851,0.8218,0.7890,0.9169,0.8040,0.8240,0.9626,0.8459,0.8250,0.8429,0.9829,0.8288,0.8581,0.8936,0.9610,0.8998,1.0000,0.8047,0.8047,0.8345,0.8047,0.7844,0.8258,0.8047,0.8936,0.8762,0.8100,0.8258,0.8218,0.9570,0.9821,0.9196,1.0000,0.8078,0.8288,0.8765,0.8308,0.8047,0.8040,0.7834,0.8047,0.7869,0.8047,0.8040,0.9399,0.8511,0.8459,0.7419,0.7828,0.8093,0.8155,0.9626,0.9626,0.8941,0.8936,0.8459,1.0000,0.8632,0.8288,0.7901,0.9586,0.8950,0.8751,0.9152,0.8965,0.8078,0.8851,0.8429,0.9619,0.8421,0.8759,0.8047,0.8936,1.0000;
0.9818,0.9829,0.8208,0.9818,1.0000,0.9829,0.9651,0.7859,0.8208,0.9258,1.0000,0.7869,0.8208,0.8003,0.8020,0.7785,0.8218,0.9829,0.8418,0.9123,0.7869,0.7844,0.9829,0.8258,0.8048,0.8684,0.8545,0.9196,0.9829,0.9437,0.7829,0.9651,0.9444,0.8015,0.8037,0.9440,0.9619,0.8218,0.8208,0.7707,0.8062,0.8437,0.8000,0.8047,1.0000,1.0000,0.7785,1.0000,0.9796,0.9789,1.0000,0.8062,0.8878,0.7999,0.9789,0.9829,0.8477,0.7869,0.8444,0.8047,0.8418,0.8208,0.8684,0.9332,1.0000,0.9651,0.9123,1.0000,0.9821,1.0000,0.9651,0.8648,0.8466,0.8037,0.9175,0.9374,0.8488,0.7623,0.8015,0.8015,0.8861,0.8062,0.8037,0.8047,0.9415,0.7778,0.8242,0.8054,0.8048,0.8526,0.8896,0.9082,0.8418,0.9196,0.9619,0.8429,0.9626,0.7886,1.0000,0.8062,0.8047;
0.9818,0.9829,0.8208,0.9818,1.0000,0.9829,0.9651,0.7859,0.8208,0.9258,1.0000,0.7869,0.8208,0.8003,0.8020,0.7785,0.8218,0.9829,0.8418,0.9123,0.7869,0.7844,0.9829,0.8258,0.8048,0.8684,0.8545,0.9196,0.9829,0.9437,0.7829,0.9651,0.9444,0.8015,0.8037,0.9440,0.9619,0.8218,0.8208,0.7707,0.8062,0.8437,0.8000,0.8047,1.0000,1.0000,0.7785,1.0000,0.9796,0.9789,1.0000,0.8062,0.8878,0.7999,0.9789,0.9829,0.8477,0.7869,0.8444,0.8047,0.8418,0.8208,0.8684,0.9332,1.0000,0.9651,0.9123,1.0000,0.9821,1.0000,0.9651,0.8648,0.8466,0.8037,0.9175,0.9374,0.8488,0.7623,0.8015,0.8015,0.8861,0.8062,0.8037,0.8047,0.9415,0.7778,0.8242,0.8054,0.8048,0.8526,0.8896,0.9082,0.8418,0.9196,0.9619,0.8429,0.9626,0.7886,1.0000,0.8062,0.8047;
0.7967,0.7615,0.8921,0.7967,0.7785,0.7615,0.7436,0.8572,0.8921,0.7828,0.7785,0.8167,0.8921,0.9564,0.9765,1.0000,0.8516,0.7615,0.8711,0.8006,0.8167,0.8549,0.7615,0.8135,0.9395,0.9077,0.8937,0.7627,0.7615,0.7810,0.9176,0.7436,0.7817,0.8719,0.8750,0.7647,0.7825,0.8516,0.8921,0.8588,0.8943,0.8735,0.9347,0.8345,0.7785,0.7785,1.0000,0.7785,0.7989,0.7996,0.7785,0.8943,0.8907,0.9602,0.7996,0.7615,0.8354,0.8167,0.8728,0.8345,0.8711,0.8921,0.8530,0.8453,0.7785,0.7436,0.8006,0.7785,0.7607,0.7785,0.7436,0.8525,0.8782,0.8750,0.7954,0.7791,0.8726,0.9591,0.8719,0.8719,0.8706,0.9163,0.8750,0.8345,0.7846,0.9845,0.8534,0.8338,0.9395,0.8918,0.8548,0.8704,0.8711,0.7627,0.7825,0.8305,0.7636,0.8766,0.7785,0.9163,0.8345;
0.9818,0.9829,0.8208,0.9818,1.0000,0.9829,0.9651,0.7859,0.8208,0.9258,1.0000,0.7869,0.8208,0.8003,0.8020,0.7785,0.8218,0.9829,0.8418,0.9123,0.7869,0.7844,0.9829,0.8258,0.8048,0.8684,0.8545,0.9196,0.9829,0.9437,0.7829,0.9651,0.9444,0.8015,0.8037,0.9440,0.9619,0.8218,0.8208,0.7707,0.8062,0.8437,0.8000,0.8047,1.0000,1.0000,0.7785,1.0000,0.9796,0.9789,1.0000,0.8062,0.8878,0.7999,0.9789,0.9829,0.8477,0.7869,0.8444,0.8047,0.8418,0.8208,0.8684,0.9332,1.0000,0.9651,0.9123,1.0000,0.9821,1.0000,0.9651,0.8648,0.8466,0.8037,0.9175,0.9374,0.8488,0.7623,0.8015,0.8015,0.8861,0.8062,0.8037,0.8047,0.9415,0.7778,0.8242,0.8054,0.8048,0.8526,0.8896,0.9082,0.8418,0.9196,0.9619,0.8429,0.9626,0.7886,1.0000,0.8062,0.8047;
0.9615,0.9626,0.8411,0.9615,0.9796,0.9626,0.9447,0.8062,0.8411,0.9055,0.9796,0.7665,0.8411,0.7799,0.8224,0.7989,0.8015,0.9626,0.8622,0.9327,0.7665,0.8047,0.9626,0.8054,0.7845,0.8888,0.8748,0.8993,0.9626,0.9233,0.7626,0.9447,0.9241,0.8218,0.8241,0.9237,0.9415,0.8015,0.8411,0.7504,0.7859,0.8234,0.7796,0.7844,0.9796,0.9796,0.7989,0.9796,1.0000,0.9586,0.9796,0.7859,0.9082,0.8203,0.9586,0.9626,0.8274,0.7665,0.8648,0.7844,0.8622,0.8411,0.8481,0.9536,0.9796,0.9447,0.9327,0.9796,0.9618,0.9796,0.9447,0.8444,0.8262,0.8241,0.9378,0.9578,0.8692,0.7826,0.8218,0.8218,0.8657,0.7859,0.8241,0.7844,0.9212,0.7982,0.8446,0.8258,0.7845,0.8729,0.8692,0.8878,0.8622,0.8993,0.9415,0.8225,0.9422,0.7682,0.9796,0.7859,0.7844;
0.9608,0.9619,0.8418,0.9608,0.9789,0.9619,0.9440,0.8069,0.8418,0.9469,0.9789,0.8079,0.8418,0.8213,0.8231,0.7996,0.8429,0.9619,0.8208,0.8913,0.8079,0.8054,0.9619,0.8047,0.8259,0.8895,0.8755,0.9407,0.9619,0.9226,0.8040,0.9440,0.9234,0.8225,0.8248,0.9651,0.9829,0.8429,0.8418,0.7918,0.8273,0.8648,0.8210,0.8258,0.9789,0.9789,0.7996,0.9789,0.9586,1.0000,0.9789,0.8273,0.9089,0.7789,1.0000,0.9619,0.8267,0.8079,0.8234,0.8258,0.8208,0.8418,0.8895,0.9122,0.9789,0.9440,0.8913,0.9789,0.9611,0.9789,0.9440,0.8437,0.8676,0.8248,0.8964,0.9164,0.8699,0.7833,0.8225,0.8225,0.9071,0.8273,0.8248,0.8258,0.9626,0.7989,0.8031,0.7844,0.8259,0.8736,0.8685,0.9292,0.8208,0.9407,0.9829,0.8218,0.9415,0.8096,0.9789,0.8273,0.8258;
0.9818,0.9829,0.8208,0.9818,1.0000,0.9829,0.9651,0.7859,0.8208,0.9258,1.0000,0.7869,0.8208,0.8003,0.8020,0.7785,0.8218,0.9829,0.8418,0.9123,0.7869,0.7844,0.9829,0.8258,0.8048,0.8684,0.8545,0.9196,0.9829,0.9437,0.7829,0.9651,0.9444,0.8015,0.8037,0.9440,0.9619,0.8218,0.8208,0.7707,0.8062,0.8437,0.8000,0.8047,1.0000,1.0000,0.7785,1.0000,0.9796,0.9789,1.0000,0.8062,0.8878,0.7999,0.9789,0.9829,0.8477,0.7869,0.8444,0.8047,0.8418,0.8208,0.8684,0.9332,1.0000,0.9651,0.9123,1.0000,0.9821,1.0000,0.9651,0.8648,0.8466,0.8037,0.9175,0.9374,0.8488,0.7623,0.8015,0.8015,0.8861,0.8062,0.8037,0.8047,0.9415,0.7778,0.8242,0.8054,0.8048,0.8526,0.8896,0.9082,0.8418,0.9196,0.9619,0.8429,0.9626,0.7886,1.0000,0.8062,0.8047;
0.8244,0.8233,0.7864,0.8244,0.8062,0.8233,0.8055,0.7856,0.7864,0.8447,0.8062,0.8757,0.7864,0.8914,0.8708,0.8943,0.8765,0.8233,0.7653,0.7409,0.8757,0.8732,0.8233,0.8725,0.9547,0.8480,0.8340,0.8684,0.8233,0.8086,0.9767,0.8055,0.8436,0.8562,0.8035,0.8265,0.8444,0.8765,0.7864,0.9645,1.0000,0.8546,0.9596,0.8936,0.8062,0.8062,0.8943,0.8062,0.7859,0.8273,0.8062,1.0000,0.8311,0.8544,0.8273,0.8233,0.8506,0.8757,0.8132,0.8936,0.7653,0.7864,0.8340,0.8323,0.8062,0.8055,0.7409,0.8062,0.7884,0.8062,0.8055,0.8335,0.8592,0.8035,0.7824,0.7661,0.7668,0.8534,0.8562,0.8562,0.8517,0.9315,0.8035,0.8936,0.8465,0.8788,0.7477,0.8522,0.9547,0.8663,0.8700,0.8514,0.7653,0.8684,0.8444,0.8554,0.8254,0.9824,0.8062,0.9315,0.8936;
0.8697,0.8707,0.9330,0.8697,0.8878,0.8707,0.8529,0.8980,0.9330,0.8558,0.8878,0.8583,0.9330,0.8717,0.9142,0.8907,0.8933,0.8707,0.9119,0.8875,0.8583,0.8965,0.8707,0.8551,0.8763,0.9806,0.9666,0.8495,0.8707,0.8315,0.8544,0.8529,0.8323,0.9136,0.9159,0.8739,0.8918,0.8933,0.9330,0.7956,0.8311,0.9152,0.8715,0.8762,0.8878,0.8878,0.8907,0.8878,0.9082,0.9089,0.8878,0.8311,1.0000,0.8700,0.9089,0.8707,0.8771,0.8583,0.9145,0.8762,0.9119,0.9330,0.9399,0.9094,0.8878,0.8529,0.8875,0.8878,0.8700,0.8878,0.8529,0.8942,0.8704,0.9159,0.8460,0.8660,0.9134,0.8744,0.9136,0.9136,0.9575,0.8777,0.9159,0.8762,0.8715,0.8900,0.8943,0.8755,0.8763,0.9648,0.9189,0.9796,0.9119,0.8495,0.8918,0.8722,0.8504,0.8134,0.8878,0.8777,0.8762;
0.8181,0.7828,0.8741,0.8181,0.7999,0.7828,0.7650,0.8392,0.8741,0.7621,0.7999,0.7921,0.8741,0.9384,0.9558,0.9602,0.8271,0.7828,0.8952,0.8247,0.7921,0.8303,0.7828,0.8310,0.8997,0.8869,0.8730,0.7381,0.7828,0.7985,0.8778,0.7650,0.7993,0.8474,0.8570,0.7439,0.7618,0.8271,0.8741,0.8189,0.8544,0.8490,0.8948,0.8100,0.7999,0.7999,0.9602,0.7999,0.8203,0.7789,0.7999,0.8544,0.8700,1.0000,0.7789,0.7828,0.8530,0.7921,0.8904,0.8100,0.8952,0.8741,0.8350,0.8667,0.7999,0.7650,0.8247,0.7999,0.7821,0.7999,0.7650,0.8701,0.8759,0.8570,0.8196,0.7967,0.8546,0.9411,0.8474,0.8474,0.8526,0.8983,0.8570,0.8100,0.7601,0.9642,0.8775,0.8514,0.8997,0.8711,0.8762,0.8496,0.8952,0.7381,0.7618,0.8481,0.7811,0.8368,0.7999,0.8983,0.8100;
0.9608,0.9619,0.8418,0.9608,0.9789,0.9619,0.9440,0.8069,0.8418,0.9469,0.9789,0.8079,0.8418,0.8213,0.8231,0.7996,0.8429,0.9619,0.8208,0.8913,0.8079,0.8054,0.9619,0.8047,0.8259,0.8895,0.8755,0.9407,0.9619,0.9226,0.8040,0.9440,0.9234,0.8225,0.8248,0.9651,0.9829,0.8429,0.8418,0.7918,0.8273,0.8648,0.8210,0.8258,0.9789,0.9789,0.7996,0.9789,0.9586,1.0000,0.9789,0.8273,0.9089,0.7789,1.0000,0.9619,0.8267,0.8079,0.8234,0.8258,0.8208,0.8418,0.8895,0.9122,0.9789,0.9440,0.8913,0.9789,0.9611,0.9789,0.9440,0.8437,0.8676,0.8248,0.8964,0.9164,0.8699,0.7833,0.8225,0.8225,0.9071,0.8273,0.8248,0.8258,0.9626,0.7989,0.8031,0.7844,0.8259,0.8736,0.8685,0.9292,0.8208,0.9407,0.9829,0.8218,0.9415,0.8096,0.9789,0.8273,0.8258;
0.9648,1.0000,0.8037,0.9648,0.9829,1.0000,0.9821,0.8029,0.8037,0.9429,0.9829,0.8040,0.8037,0.7832,0.7850,0.7615,0.8047,1.0000,0.8248,0.8952,0.8040,0.8015,1.0000,0.8429,0.8219,0.8514,0.8374,0.9367,1.0000,0.9266,0.8000,0.9821,0.9615,0.7844,0.8208,0.9611,0.9789,0.8047,0.8037,0.7878,0.8233,0.8267,0.7829,0.8218,0.9829,0.9829,0.7615,0.9829,0.9626,0.9619,0.9829,0.8233,0.8707,0.7828,0.9619,1.0000,0.8648,0.8040,0.8274,0.8218,0.8248,0.8037,0.8513,0.9162,0.9829,0.9821,0.8952,0.9829,0.9651,0.9829,0.9821,0.8477,0.8295,0.8208,0.9004,0.9204,0.8318,0.7452,0.7844,0.7844,0.8690,0.8233,0.8208,0.8218,0.9586,0.7607,0.8071,0.8225,0.8219,0.8697,0.9066,0.8911,0.8248,0.9367,0.9789,0.8258,0.9797,0.8057,0.9829,0.8233,0.8218;
