SimGraph=[
1.0000,0.9160,0.7723,0.9563,0.9358,0.9160,0.8939,0.7304,0.7723,0.8945,0.9358,0.7315,0.7723,0.7930,0.7948,0.7708,0.7734,0.9160,0.7922,0.8528,0.7315,0.7336,0.9160,0.7734,0.7919,0.8593,0.8355,0.8541,0.9160,0.9128,0.7712,0.8939,0.9151,0.7534,0.7525,0.8741,0.8962,0.7734,0.7723,0.7453,0.7911,0.7940,0.7911,0.7536,0.9358,0.9358,0.7708,0.9358,0.9158,0.9160,0.9358,0.7911,0.8364,0.7828,0.9160,0.9160,0.7940,0.7315,0.7939,0.7536,0.7922,0.7723,0.8109,0.8760,0.9358,0.8939,0.8528,0.9358,0.9137,0.9358,0.8939,0.8139,0.7795,0.7525,0.8932,0.8730,0.7899,0.7493,0.7534,0.7534,0.8346,0.7941,0.7525,0.7536,0.8747,0.7576,0.7684,0.7534,0.7919,0.8370,0.8365,0.8564,0.7922,0.8541,0.8962,0.7932,0.8946,0.7674,0.9358,0.7941,0.7536;
0.9160,1.0000,0.7730,0.9160,0.9365,0.9563,0.9342,0.7707,0.7730,0.8939,0.9365,0.7718,0.7730,0.7527,0.7545,0.7305,0.7741,0.9563,0.7928,0.8535,0.7718,0.7739,0.9563,0.8137,0.7912,0.8189,0.7952,0.8944,0.9563,0.8725,0.7706,0.9342,0.9144,0.7540,0.7928,0.9144,0.9365,0.7741,0.7730,0.7446,0.7904,0.7947,0.7507,0.7939,0.9365,0.9365,0.7305,0.9365,0.9165,0.9166,0.9365,0.7904,0.8370,0.7424,0.9166,0.9563,0.8344,0.7718,0.7945,0.7939,0.7928,0.7730,0.8116,0.8767,0.9365,0.9342,0.8535,0.9365,0.9144,0.9365,0.9342,0.8145,0.7802,0.7928,0.8528,0.8737,0.7905,0.7090,0.7540,0.7540,0.8353,0.7935,0.7928,0.7939,0.9150,0.7173,0.7691,0.7937,0.7912,0.8364,0.8768,0.8570,0.7928,0.8944,0.9365,0.7939,0.9349,0.7667,0.9365,0.7935,0.7939;
0.7723,0.7730,1.0000,0.7723,0.7928,0.7730,0.7509,0.9144,0.9563,0.7502,0.7928,0.7682,0.9563,0.8533,0.8515,0.8484,0.8101,0.7730,0.9365,0.8758,0.7682,0.8103,0.7730,0.7704,0.7877,0.8742,0.8505,0.7716,0.7730,0.7496,0.7671,0.7509,0.7519,0.8301,0.9365,0.7707,0.7928,0.8101,0.9563,0.7014,0.7472,0.8307,0.7869,0.7903,0.7928,0.7928,0.8484,0.7928,0.8128,0.8126,0.7928,0.7472,0.8923,0.8211,0.8126,0.7730,0.7910,0.7682,0.8309,0.7903,0.9365,0.9563,0.8703,0.8128,0.7928,0.7509,0.8758,0.7928,0.7707,0.7928,0.7509,0.8109,0.7769,0.9365,0.8355,0.8336,0.8914,0.8496,0.8301,0.8301,0.8940,0.8126,0.9365,0.7903,0.7922,0.8358,0.9128,0.7904,0.7877,0.8519,0.8127,0.8723,0.9365,0.7716,0.7928,0.7902,0.7723,0.7235,0.7928,0.8126,0.7903;
0.9563,0.9160,0.7723,1.0000,0.9358,0.9160,0.8939,0.7304,0.7723,0.8945,0.9358,0.7315,0.7723,0.7930,0.7948,0.7708,0.7734,0.9160,0.7922,0.8528,0.7315,0.7336,0.9160,0.7734,0.7919,0.8593,0.8355,0.8541,0.9160,0.9128,0.7712,0.8939,0.9151,0.7534,0.7525,0.8741,0.8962,0.7734,0.7723,0.7453,0.7911,0.7940,0.7911,0.7536,0.9358,0.9358,0.7708,0.9358,0.9158,0.9160,0.9358,0.7911,0.8364,0.7828,0.9160,0.9160,0.7940,0.7315,0.7939,0.7536,0.7922,0.7723,0.8109,0.8760,0.9358,0.8939,0.8528,0.9358,0.9137,0.9358,0.8939,0.8139,0.7795,0.7525,0.8932,0.8730,0.7899,0.7493,0.7534,0.7534,0.8346,0.7941,0.7525,0.7536,0.8747,0.7576,0.7684,0.7534,0.7919,0.8370,0.8365,0.8564,0.7922,0.8541,0.8962,0.7932,0.8946,0.7674,0.9358,0.7941,0.7536;
0.9358,0.9365,0.7928,0.9358,1.0000,0.9365,0.9144,0.7509,0.7928,0.8741,0.9563,0.7520,0.7928,0.7726,0.7743,0.7503,0.7939,0.9365,0.8126,0.8733,0.7520,0.7540,0.9365,0.7939,0.7714,0.8388,0.8151,0.8746,0.9365,0.8923,0.7507,0.9144,0.8946,0.7739,0.7730,0.8945,0.9166,0.7939,0.7928,0.7248,0.7706,0.8145,0.7706,0.7741,0.9563,0.9563,0.7503,0.9563,0.9363,0.9365,0.9563,0.7706,0.8568,0.7623,0.9365,0.9365,0.8145,0.7520,0.8143,0.7741,0.8126,0.7928,0.8314,0.8965,0.9563,0.9144,0.8733,0.9563,0.9342,0.9563,0.9144,0.8344,0.8000,0.7730,0.8727,0.8935,0.8103,0.7288,0.7739,0.7739,0.8551,0.7736,0.7730,0.7741,0.8952,0.7372,0.7889,0.7739,0.7714,0.8165,0.8570,0.8769,0.8126,0.8746,0.9166,0.8137,0.9151,0.7469,0.9563,0.7736,0.7741;
0.9160,0.9563,0.7730,0.9160,0.9365,1.0000,0.9342,0.7707,0.7730,0.8939,0.9365,0.7718,0.7730,0.7527,0.7545,0.7305,0.7741,0.9563,0.7928,0.8535,0.7718,0.7739,0.9563,0.8137,0.7912,0.8189,0.7952,0.8944,0.9563,0.8725,0.7706,0.9342,0.9144,0.7540,0.7928,0.9144,0.9365,0.7741,0.7730,0.7446,0.7904,0.7947,0.7507,0.7939,0.9365,0.9365,0.7305,0.9365,0.9165,0.9166,0.9365,0.7904,0.8370,0.7424,0.9166,0.9563,0.8344,0.7718,0.7945,0.7939,0.7928,0.7730,0.8116,0.8767,0.9365,0.9342,0.8535,0.9365,0.9144,0.9365,0.9342,0.8145,0.7802,0.7928,0.8528,0.8737,0.7905,0.7090,0.7540,0.7540,0.8353,0.7935,0.7928,0.7939,0.9150,0.7173,0.7691,0.7937,0.7912,0.8364,0.8768,0.8570,0.7928,0.8944,0.9365,0.7939,0.9349,0.7667,0.9365,0.7935,0.7939;
0.8939,0.9342,0.7509,0.8939,0.9144,0.9342,1.0000,0.7928,0.7509,0.9160,0.9144,0.7939,0.7509,0.7306,0.7324,0.7084,0.7520,0.9342,0.7707,0.8314,0.7939,0.7518,0.9342,0.7916,0.7691,0.7968,0.7731,0.8723,0.9342,0.8946,0.7485,0.9563,0.8923,0.7319,0.7707,0.9365,0.9144,0.7520,0.7509,0.7667,0.7683,0.7726,0.7286,0.7718,0.9144,0.9144,0.7084,0.9144,0.8944,0.8945,0.9144,0.7683,0.8149,0.7203,0.8945,0.9342,0.8123,0.7939,0.7724,0.7718,0.7707,0.7509,0.7895,0.8546,0.9144,0.9563,0.8314,0.9144,0.9365,0.9144,0.9563,0.7924,0.7581,0.7707,0.8307,0.8516,0.7684,0.6869,0.7319,0.7319,0.8132,0.7714,0.7707,0.7718,0.8929,0.6952,0.7470,0.7716,0.7691,0.8143,0.8547,0.8349,0.7707,0.8723,0.9144,0.7718,0.9128,0.7446,0.9144,0.7714,0.7718;
0.7304,0.7707,0.9144,0.7304,0.7509,0.7707,0.7928,1.0000,0.9144,0.7922,0.7509,0.8101,0.9144,0.8114,0.8096,0.8065,0.7682,0.7707,0.8945,0.8339,0.8101,0.8080,0.7707,0.7681,0.7854,0.8323,0.8085,0.7693,0.7707,0.7519,0.7648,0.7928,0.7496,0.7882,0.9342,0.8126,0.7905,0.7682,0.9144,0.7433,0.7449,0.7888,0.7450,0.7880,0.7509,0.7509,0.8065,0.7509,0.7709,0.7707,0.7509,0.7449,0.8503,0.7791,0.7707,0.7707,0.7888,0.8101,0.7890,0.7880,0.8945,0.9144,0.8284,0.7708,0.7509,0.7928,0.8339,0.7509,0.7730,0.7509,0.7928,0.7689,0.7350,0.9342,0.7935,0.7916,0.8494,0.8077,0.7882,0.7882,0.8521,0.8103,0.9342,0.7880,0.7899,0.7939,0.8708,0.7882,0.7854,0.8497,0.8104,0.8303,0.8945,0.7693,0.7905,0.7483,0.7701,0.7212,0.7509,0.8103,0.7880;
0.7723,0.7730,0.9563,0.7723,0.7928,0.7730,0.7509,0.9144,1.0000,0.7502,0.7928,0.7682,0.9563,0.8533,0.8515,0.8484,0.8101,0.7730,0.9365,0.8758,0.7682,0.8103,0.7730,0.7704,0.7877,0.8742,0.8505,0.7716,0.7730,0.7496,0.7671,0.7509,0.7519,0.8301,0.9365,0.7707,0.7928,0.8101,0.9563,0.7014,0.7472,0.8307,0.7869,0.7903,0.7928,0.7928,0.8484,0.7928,0.8128,0.8126,0.7928,0.7472,0.8923,0.8211,0.8126,0.7730,0.7910,0.7682,0.8309,0.7903,0.9365,0.9563,0.8703,0.8128,0.7928,0.7509,0.8758,0.7928,0.7707,0.7928,0.7509,0.8109,0.7769,0.9365,0.8355,0.8336,0.8914,0.8496,0.8301,0.8301,0.8940,0.8126,0.9365,0.7903,0.7922,0.8358,0.9128,0.7904,0.7877,0.8519,0.8127,0.8723,0.9365,0.7716,0.7928,0.7902,0.7723,0.7235,0.7928,0.8126,0.7903;
0.8945,0.8939,0.7502,0.8945,0.8741,0.8939,0.9160,0.7922,0.7502,1.0000,0.8741,0.7932,0.7502,0.7710,0.7727,0.7487,0.7513,0.8939,0.7304,0.7910,0.7932,0.7511,0.8939,0.7513,0.8094,0.8372,0.8135,0.8717,0.8939,0.8952,0.7888,0.9160,0.8929,0.7313,0.7701,0.9358,0.9137,0.7513,0.7502,0.8070,0.8087,0.7719,0.7690,0.7711,0.8741,0.8741,0.7487,0.8741,0.8541,0.8939,0.8741,0.8087,0.8143,0.7210,0.8939,0.8939,0.7719,0.7932,0.7321,0.7711,0.7304,0.7502,0.7888,0.8143,0.8741,0.9160,0.7910,0.8741,0.8962,0.8741,0.9160,0.7521,0.7574,0.7701,0.8314,0.8112,0.7678,0.7272,0.7313,0.7313,0.8125,0.8117,0.7701,0.7711,0.8923,0.7355,0.7067,0.7313,0.8094,0.8546,0.8144,0.8343,0.7304,0.8717,0.9137,0.7315,0.8725,0.7849,0.8741,0.8117,0.7711;
0.9358,0.9365,0.7928,0.9358,0.9563,0.9365,0.9144,0.7509,0.7928,0.8741,1.0000,0.7520,0.7928,0.7726,0.7743,0.7503,0.7939,0.9365,0.8126,0.8733,0.7520,0.7540,0.9365,0.7939,0.7714,0.8388,0.8151,0.8746,0.9365,0.8923,0.7507,0.9144,0.8946,0.7739,0.7730,0.8945,0.9166,0.7939,0.7928,0.7248,0.7706,0.8145,0.7706,0.7741,0.9563,0.9563,0.7503,0.9563,0.9363,0.9365,0.9563,0.7706,0.8568,0.7623,0.9365,0.9365,0.8145,0.7520,0.8143,0.7741,0.8126,0.7928,0.8314,0.8965,0.9563,0.9144,0.8733,0.9563,0.9342,0.9563,0.9144,0.8344,0.8000,0.7730,0.8727,0.8935,0.8103,0.7288,0.7739,0.7739,0.8551,0.7736,0.7730,0.7741,0.8952,0.7372,0.7889,0.7739,0.7714,0.8165,0.8570,0.8769,0.8126,0.8746,0.9166,0.8137,0.9151,0.7469,0.9563,0.7736,0.7741;
0.7315,0.7718,0.7682,0.7315,0.7520,0.7718,0.7939,0.8101,0.7682,0.7932,0.7520,1.0000,0.7682,0.7877,0.7687,0.7655,0.9144,0.7718,0.7483,0.7295,0.9563,0.9142,0.7718,0.9144,0.8263,0.7933,0.7696,0.8337,0.7718,0.7750,0.8469,0.7939,0.7727,0.8944,0.7880,0.8137,0.7916,0.9144,0.7682,0.8255,0.8271,0.8938,0.8271,0.9342,0.7520,0.7520,0.7655,0.7520,0.7319,0.7718,0.7520,0.8271,0.8114,0.7381,0.7718,0.7718,0.8937,0.9563,0.8539,0.9342,0.7483,0.7682,0.8067,0.7717,0.7520,0.7939,0.7295,0.7520,0.7741,0.7520,0.7939,0.8739,0.7757,0.7880,0.6891,0.7320,0.7460,0.7440,0.8944,0.8944,0.8304,0.8285,0.7880,0.9342,0.8131,0.7527,0.7246,0.8944,0.8263,0.8107,0.8513,0.8314,0.7483,0.8337,0.7916,0.8945,0.7932,0.8034,0.7520,0.8285,0.9342;
0.7723,0.7730,0.9563,0.7723,0.7928,0.7730,0.7509,0.9144,0.9563,0.7502,0.7928,0.7682,1.0000,0.8533,0.8515,0.8484,0.8101,0.7730,0.9365,0.8758,0.7682,0.8103,0.7730,0.7704,0.7877,0.8742,0.8505,0.7716,0.7730,0.7496,0.7671,0.7509,0.7519,0.8301,0.9365,0.7707,0.7928,0.8101,0.9563,0.7014,0.7472,0.8307,0.7869,0.7903,0.7928,0.7928,0.8484,0.7928,0.8128,0.8126,0.7928,0.7472,0.8923,0.8211,0.8126,0.7730,0.7910,0.7682,0.8309,0.7903,0.9365,0.9563,0.8703,0.8128,0.7928,0.7509,0.8758,0.7928,0.7707,0.7928,0.7509,0.8109,0.7769,0.9365,0.8355,0.8336,0.8914,0.8496,0.8301,0.8301,0.8940,0.8126,0.9365,0.7903,0.7922,0.8358,0.9128,0.7904,0.7877,0.8519,0.8127,0.8723,0.9365,0.7716,0.7928,0.7902,0.7723,0.7235,0.7928,0.8126,0.7903;
0.7930,0.7527,0.8533,0.7930,0.7726,0.7527,0.7306,0.8114,0.8533,0.7710,0.7726,0.7877,0.8533,1.0000,0.9145,0.9114,0.8297,0.7527,0.8334,0.7728,0.7877,0.7898,0.7527,0.7900,0.8907,0.8549,0.8312,0.7513,0.7527,0.7703,0.8701,0.7306,0.7726,0.8096,0.8335,0.7505,0.7726,0.8297,0.8533,0.8044,0.8502,0.8503,0.8899,0.8098,0.7726,0.7726,0.9114,0.7726,0.7525,0.7924,0.7726,0.8502,0.8320,0.8841,0.7924,0.7527,0.8106,0.7877,0.8104,0.8098,0.8334,0.8533,0.8501,0.7923,0.7726,0.7306,0.7728,0.7726,0.7505,0.7726,0.7306,0.8304,0.8390,0.8335,0.7734,0.7305,0.8311,0.9126,0.8096,0.8096,0.8738,0.9156,0.8335,0.8098,0.7719,0.8988,0.8097,0.7700,0.8907,0.8327,0.8322,0.8520,0.8334,0.7513,0.7726,0.8098,0.7521,0.8265,0.7726,0.9156,0.8098;
0.7948,0.7545,0.8515,0.7948,0.7743,0.7545,0.7324,0.8096,0.8515,0.7727,0.7743,0.7687,0.8515,0.9145,1.0000,0.9323,0.8106,0.7545,0.8317,0.7710,0.7687,0.8108,0.7545,0.7709,0.8716,0.8967,0.8730,0.7323,0.7545,0.7513,0.8509,0.7324,0.7535,0.8306,0.8317,0.7522,0.7743,0.8106,0.8515,0.7853,0.8311,0.8312,0.8708,0.7908,0.7743,0.7743,0.9323,0.7743,0.7943,0.7942,0.7743,0.8311,0.8738,0.9046,0.7942,0.7545,0.7916,0.7687,0.8314,0.7908,0.8317,0.8515,0.8083,0.8341,0.7743,0.7324,0.7710,0.7743,0.7522,0.7743,0.7324,0.8114,0.8195,0.8317,0.7717,0.7515,0.8293,0.9108,0.8306,0.8306,0.8320,0.8738,0.8317,0.7908,0.7529,0.9192,0.8080,0.7910,0.8716,0.8744,0.8340,0.8538,0.8317,0.7323,0.7743,0.7908,0.7331,0.8074,0.7743,0.8738,0.7908;
0.7708,0.7305,0.8484,0.7708,0.7503,0.7305,0.7084,0.8065,0.8484,0.7487,0.7503,0.7655,0.8484,0.9114,0.9323,1.0000,0.8075,0.7305,0.8286,0.7679,0.7655,0.8077,0.7305,0.7678,0.8956,0.8727,0.8489,0.7291,0.7305,0.7481,0.8749,0.7084,0.7504,0.8275,0.8286,0.7282,0.7503,0.8075,0.8484,0.8093,0.8551,0.8281,0.8948,0.7876,0.7503,0.7503,0.9563,0.7503,0.7703,0.7701,0.7503,0.8551,0.8498,0.9029,0.7701,0.7305,0.7884,0.7655,0.8283,0.7876,0.8286,0.8484,0.8052,0.8101,0.7503,0.7084,0.7679,0.7503,0.7282,0.7503,0.7084,0.8083,0.8178,0.8286,0.7686,0.7484,0.8262,0.9078,0.8275,0.8275,0.8289,0.8707,0.8286,0.7876,0.7498,0.9181,0.8049,0.7878,0.8956,0.8504,0.8100,0.8298,0.8286,0.7291,0.7503,0.7876,0.7299,0.8314,0.7503,0.8707,0.7876;
0.7734,0.7741,0.8101,0.7734,0.7939,0.7741,0.7520,0.7682,0.8101,0.7513,0.7939,0.9144,0.8101,0.8297,0.8106,0.8075,1.0000,0.7741,0.7902,0.7714,0.9144,0.9165,0.7741,0.9166,0.8286,0.8353,0.8115,0.8360,0.7741,0.7727,0.8492,0.7520,0.7750,0.9363,0.7903,0.7718,0.7939,0.9563,0.8101,0.7835,0.8293,0.9357,0.8690,0.9365,0.7939,0.7939,0.8075,0.7939,0.7739,0.8137,0.7939,0.8293,0.8533,0.7800,0.8137,0.7741,0.8960,0.9144,0.8958,0.9365,0.7902,0.8101,0.8487,0.8137,0.7939,0.7520,0.7714,0.7939,0.7718,0.7939,0.7520,0.9158,0.8176,0.7903,0.7310,0.7739,0.7879,0.7859,0.9363,0.9363,0.8724,0.8307,0.7903,0.9365,0.8153,0.7947,0.7665,0.8966,0.8286,0.8130,0.8536,0.8733,0.7902,0.8360,0.7939,0.9365,0.7955,0.8056,0.7939,0.8307,0.9365;
0.9160,0.9563,0.7730,0.9160,0.9365,0.9563,0.9342,0.7707,0.7730,0.8939,0.9365,0.7718,0.7730,0.7527,0.7545,0.7305,0.7741,1.0000,0.7928,0.8535,0.7718,0.7739,0.9563,0.8137,0.7912,0.8189,0.7952,0.8944,0.9563,0.8725,0.7706,0.9342,0.9144,0.7540,0.7928,0.9144,0.9365,0.7741,0.7730,0.7446,0.7904,0.7947,0.7507,0.7939,0.9365,0.9365,0.7305,0.9365,0.9165,0.9166,0.9365,0.7904,0.8370,0.7424,0.9166,0.9563,0.8344,0.7718,0.7945,0.7939,0.7928,0.7730,0.8116,0.8767,0.9365,0.9342,0.8535,0.9365,0.9144,0.9365,0.9342,0.8145,0.7802,0.7928,0.8528,0.8737,0.7905,0.7090,0.7540,0.7540,0.8353,0.7935,0.7928,0.7939,0.9150,0.7173,0.7691,0.7937,0.7912,0.8364,0.8768,0.8570,0.7928,0.8944,0.9365,0.7939,0.9349,0.7667,0.9365,0.7935,0.7939;
0.7922,0.7928,0.9365,0.7922,0.8126,0.7928,0.7707,0.8945,0.9365,0.7304,0.8126,0.7483,0.9365,0.8334,0.8317,0.8286,0.7902,0.7928,1.0000,0.8957,0.7483,0.7904,0.7928,0.7903,0.7679,0.8543,0.8306,0.7517,0.7928,0.7694,0.7472,0.7707,0.7717,0.8103,0.9166,0.7509,0.7730,0.7902,0.9365,0.6816,0.7274,0.8109,0.7671,0.7704,0.8126,0.8126,0.8286,0.8126,0.8326,0.7928,0.8126,0.7274,0.8724,0.8409,0.7928,0.7928,0.8109,0.7483,0.8507,0.7704,0.9563,0.9365,0.8505,0.8326,0.8126,0.7707,0.8957,0.8126,0.7905,0.8126,0.7707,0.8307,0.7571,0.9166,0.8553,0.8534,0.8715,0.8297,0.8103,0.8103,0.8742,0.7927,0.9166,0.7704,0.7723,0.8160,0.9326,0.8103,0.7679,0.8321,0.8325,0.8524,0.9563,0.7517,0.7730,0.8101,0.7922,0.7037,0.8126,0.7927,0.7704;
0.8528,0.8535,0.8758,0.8528,0.8733,0.8535,0.8314,0.8339,0.8758,0.7910,0.8733,0.7295,0.8758,0.7728,0.7710,0.7679,0.7714,0.8535,0.8957,1.0000,0.7295,0.7716,0.8535,0.7714,0.7490,0.8355,0.8118,0.8124,0.8535,0.8301,0.7284,0.8314,0.8324,0.7914,0.8560,0.8115,0.8336,0.7714,0.8758,0.6627,0.7085,0.7920,0.7482,0.7516,0.8733,0.8733,0.7679,0.8733,0.8933,0.8535,0.8733,0.7085,0.8536,0.7803,0.8535,0.8535,0.7920,0.7295,0.8319,0.7516,0.8957,0.8758,0.8316,0.8535,0.8733,0.8314,0.9563,0.8733,0.8512,0.8733,0.8314,0.8119,0.7779,0.8560,0.9160,0.9141,0.8506,0.7691,0.7914,0.7914,0.8553,0.7739,0.8560,0.7516,0.8330,0.7553,0.8719,0.7914,0.7490,0.8132,0.8137,0.8336,0.8957,0.8124,0.8336,0.7912,0.8528,0.6848,0.8733,0.7739,0.7516;
0.7315,0.7718,0.7682,0.7315,0.7520,0.7718,0.7939,0.8101,0.7682,0.7932,0.7520,0.9563,0.7682,0.7877,0.7687,0.7655,0.9144,0.7718,0.7483,0.7295,1.0000,0.9142,0.7718,0.9144,0.8263,0.7933,0.7696,0.8337,0.7718,0.7750,0.8469,0.7939,0.7727,0.8944,0.7880,0.8137,0.7916,0.9144,0.7682,0.8255,0.8271,0.8938,0.8271,0.9342,0.7520,0.7520,0.7655,0.7520,0.7319,0.7718,0.7520,0.8271,0.8114,0.7381,0.7718,0.7718,0.8937,0.9563,0.8539,0.9342,0.7483,0.7682,0.8067,0.7717,0.7520,0.7939,0.7295,0.7520,0.7741,0.7520,0.7939,0.8739,0.7757,0.7880,0.6891,0.7320,0.7460,0.7440,0.8944,0.8944,0.8304,0.8285,0.7880,0.9342,0.8131,0.7527,0.7246,0.8944,0.8263,0.8107,0.8513,0.8314,0.7483,0.8337,0.7916,0.8945,0.7932,0.8034,0.7520,0.8285,0.9342;
0.7336,0.7739,0.8103,0.7336,0.7540,0.7739,0.7518,0.8080,0.8103,0.7511,0.7540,0.9142,0.8103,0.7898,0.8108,0.8077,0.9165,0.7739,0.7904,0.7716,0.9142,1.0000,0.7739,0.9165,0.8284,0.8354,0.8117,0.8358,0.7739,0.7329,0.8490,0.7518,0.7748,0.9365,0.8301,0.7716,0.7937,0.9165,0.8103,0.7833,0.8291,0.8958,0.8292,0.9363,0.7540,0.7540,0.8077,0.7540,0.7741,0.7739,0.7540,0.8291,0.8535,0.7802,0.7739,0.7739,0.8958,0.9142,0.8960,0.9363,0.7904,0.8103,0.8088,0.8138,0.7540,0.7518,0.7716,0.7540,0.7319,0.7540,0.7518,0.8760,0.7778,0.8301,0.7312,0.7741,0.7881,0.7861,0.9365,0.9365,0.8325,0.8305,0.8301,0.9363,0.8151,0.7948,0.7667,0.9365,0.8284,0.8529,0.8534,0.8335,0.7904,0.8358,0.7937,0.8966,0.7953,0.8054,0.7540,0.8305,0.9363;
0.9160,0.9563,0.7730,0.9160,0.9365,0.9563,0.9342,0.7707,0.7730,0.8939,0.9365,0.7718,0.7730,0.7527,0.7545,0.7305,0.7741,0.9563,0.7928,0.8535,0.7718,0.7739,1.0000,0.8137,0.7912,0.8189,0.7952,0.8944,0.9563,0.8725,0.7706,0.9342,0.9144,0.7540,0.7928,0.9144,0.9365,0.7741,0.7730,0.7446,0.7904,0.7947,0.7507,0.7939,0.9365,0.9365,0.7305,0.9365,0.9165,0.9166,0.9365,0.7904,0.8370,0.7424,0.9166,0.9563,0.8344,0.7718,0.7945,0.7939,0.7928,0.7730,0.8116,0.8767,0.9365,0.9342,0.8535,0.9365,0.9144,0.9365,0.9342,0.8145,0.7802,0.7928,0.8528,0.8737,0.7905,0.7090,0.7540,0.7540,0.8353,0.7935,0.7928,0.7939,0.9150,0.7173,0.7691,0.7937,0.7912,0.8364,0.8768,0.8570,0.7928,0.8944,0.9365,0.7939,0.9349,0.7667,0.9365,0.7935,0.7939;
0.7734,0.8137,0.7704,0.7734,0.7939,0.8137,0.7916,0.7681,0.7704,0.7513,0.7939,0.9144,0.7704,0.7900,0.7709,0.7678,0.9166,0.8137,0.7903,0.7714,0.9144,0.9165,0.8137,1.0000,0.8285,0.7956,0.7719,0.8359,0.8137,0.7727,0.8492,0.7916,0.8147,0.8966,0.7902,0.7718,0.7939,0.9166,0.7704,0.7835,0.8293,0.8960,0.8293,0.9365,0.7939,0.7939,0.7678,0.7939,0.7739,0.7741,0.7939,0.8293,0.8137,0.7800,0.7741,0.8137,0.9357,0.9144,0.8958,0.9365,0.7903,0.7704,0.8090,0.8137,0.7939,0.7916,0.7714,0.7939,0.7718,0.7939,0.7916,0.9159,0.7780,0.7902,0.7311,0.7739,0.7482,0.7463,0.8966,0.8966,0.8327,0.8307,0.7902,0.9365,0.8153,0.7550,0.7665,0.9363,0.8285,0.8130,0.8933,0.8337,0.7903,0.8359,0.7939,0.9365,0.8352,0.8056,0.7939,0.8307,0.9365;
0.7919,0.7912,0.7877,0.7919,0.7714,0.7912,0.7691,0.7854,0.7877,0.8094,0.7714,0.8263,0.7877,0.8907,0.8716,0.8956,0.8286,0.7912,0.7679,0.7490,0.8263,0.8284,0.7912,0.8285,1.0000,0.8537,0.8300,0.7899,0.7912,0.7692,0.9357,0.7691,0.8111,0.8085,0.8075,0.7890,0.8110,0.8286,0.7877,0.8700,0.9158,0.8492,0.9159,0.8484,0.7714,0.7714,0.8956,0.7714,0.7514,0.7912,0.7714,0.9158,0.8308,0.8422,0.7912,0.7912,0.8492,0.8263,0.8093,0.8484,0.7679,0.7877,0.8263,0.7911,0.7714,0.7691,0.7490,0.7714,0.7493,0.7714,0.7691,0.8293,0.8389,0.8075,0.7496,0.7294,0.7655,0.8470,0.8085,0.8085,0.8500,0.9315,0.8075,0.8484,0.8105,0.8573,0.7442,0.8085,0.9563,0.8711,0.8707,0.8508,0.7679,0.7899,0.8110,0.8087,0.7907,0.8921,0.7714,0.9315,0.8484;
0.8593,0.8189,0.8742,0.8593,0.8388,0.8189,0.7968,0.8323,0.8742,0.8372,0.8388,0.7933,0.8742,0.8549,0.8967,0.8727,0.8353,0.8189,0.8543,0.8355,0.7933,0.8354,0.8189,0.7956,0.8537,1.0000,0.9763,0.7967,0.8189,0.8157,0.8331,0.7968,0.8180,0.8553,0.8544,0.8167,0.8388,0.8353,0.8742,0.7674,0.8132,0.8559,0.8529,0.8154,0.8388,0.8388,0.8727,0.8388,0.8588,0.8586,0.8388,0.8132,0.9382,0.8449,0.8586,0.8189,0.8162,0.7933,0.8561,0.8154,0.8543,0.8742,0.8727,0.8587,0.8388,0.7968,0.8355,0.8388,0.8167,0.8388,0.7968,0.8360,0.8016,0.8544,0.8361,0.8160,0.8520,0.8512,0.8553,0.8553,0.8965,0.8560,0.8544,0.8154,0.8174,0.8595,0.8306,0.8156,0.8537,0.9389,0.8586,0.9182,0.8543,0.7967,0.8388,0.8154,0.7975,0.7895,0.8388,0.8560,0.8154;
0.8355,0.7952,0.8505,0.8355,0.8151,0.7952,0.7731,0.8085,0.8505,0.8135,0.8151,0.7696,0.8505,0.8312,0.8730,0.8489,0.8115,0.7952,0.8306,0.8118,0.7696,0.8117,0.7952,0.7719,0.8300,0.9763,1.0000,0.7730,0.7952,0.7920,0.8094,0.7731,0.7943,0.8316,0.8306,0.7930,0.8151,0.8115,0.8505,0.7911,0.7895,0.8322,0.8292,0.7917,0.8151,0.8151,0.8489,0.8151,0.8351,0.8349,0.8151,0.7895,0.9145,0.8212,0.8349,0.7952,0.7925,0.7696,0.8323,0.7917,0.8306,0.8505,0.8965,0.8350,0.8151,0.7731,0.8118,0.8151,0.7930,0.8151,0.7731,0.8123,0.8253,0.8306,0.8124,0.7923,0.8757,0.8749,0.8316,0.8316,0.8727,0.8322,0.8306,0.7917,0.7936,0.8358,0.8543,0.7919,0.8300,0.9152,0.8349,0.8945,0.8306,0.7730,0.8151,0.7917,0.7738,0.8132,0.8151,0.8322,0.7917;
0.8541,0.8944,0.7716,0.8541,0.8746,0.8944,0.8723,0.7693,0.7716,0.8717,0.8746,0.8337,0.7716,0.7513,0.7323,0.7291,0.8360,0.8944,0.7517,0.8124,0.8337,0.8358,0.8944,0.8359,0.7899,0.7967,0.7730,1.0000,0.8944,0.8534,0.8105,0.8723,0.8954,0.8159,0.7914,0.8922,0.9143,0.8360,0.7716,0.7845,0.8304,0.8153,0.7907,0.8558,0.8746,0.8746,0.7291,0.8746,0.8546,0.8944,0.8746,0.8304,0.8148,0.7016,0.8944,0.8944,0.8153,0.8337,0.7755,0.8558,0.7517,0.7716,0.8101,0.8148,0.8746,0.8723,0.8124,0.8746,0.8525,0.8746,0.8723,0.7955,0.7790,0.7914,0.8117,0.8546,0.7891,0.7076,0.8159,0.8159,0.8338,0.7920,0.7914,0.8558,0.9357,0.7163,0.7280,0.8159,0.7899,0.8141,0.8149,0.8348,0.7517,0.9563,0.9143,0.8161,0.9158,0.8066,0.8746,0.7920,0.8558;
0.9160,0.9563,0.7730,0.9160,0.9365,0.9563,0.9342,0.7707,0.7730,0.8939,0.9365,0.7718,0.7730,0.7527,0.7545,0.7305,0.7741,0.9563,0.7928,0.8535,0.7718,0.7739,0.9563,0.8137,0.7912,0.8189,0.7952,0.8944,1.0000,0.8725,0.7706,0.9342,0.9144,0.7540,0.7928,0.9144,0.9365,0.7741,0.7730,0.7446,0.7904,0.7947,0.7507,0.7939,0.9365,0.9365,0.7305,0.9365,0.9165,0.9166,0.9365,0.7904,0.8370,0.7424,0.9166,0.9563,0.8344,0.7718,0.7945,0.7939,0.7928,0.7730,0.8116,0.8767,0.9365,0.9342,0.8535,0.9365,0.9144,0.9365,0.9342,0.8145,0.7802,0.7928,0.8528,0.8737,0.7905,0.7090,0.7540,0.7540,0.8353,0.7935,0.7928,0.7939,0.9150,0.7173,0.7691,0.7937,0.7912,0.8364,0.8768,0.8570,0.7928,0.8944,0.9365,0.7939,0.9349,0.7667,0.9365,0.7935,0.7939;
0.9128,0.8725,0.7496,0.9128,0.8923,0.8725,0.8946,0.7519,0.7496,0.8952,0.8923,0.7750,0.7496,0.7703,0.7513,0.7481,0.7727,0.8725,0.7694,0.8301,0.7750,0.7329,0.8725,0.7727,0.7692,0.8157,0.7920,0.8534,0.8725,1.0000,0.7486,0.8946,0.9144,0.7527,0.7298,0.8747,0.8526,0.7727,0.7496,0.7668,0.7684,0.7934,0.7684,0.7529,0.8923,0.8923,0.7481,0.8923,0.8723,0.8725,0.8923,0.7684,0.7928,0.7603,0.8725,0.8725,0.7934,0.7750,0.7932,0.7529,0.7694,0.7496,0.7882,0.8325,0.8923,0.8946,0.8301,0.8923,0.9144,0.8923,0.8946,0.8132,0.7571,0.7298,0.8704,0.8723,0.7671,0.7266,0.7527,0.7527,0.8119,0.7714,0.7298,0.7529,0.8741,0.7353,0.7457,0.7527,0.7692,0.7935,0.7930,0.8128,0.7694,0.8534,0.8526,0.7926,0.8939,0.7447,0.8923,0.7714,0.7529;
0.7712,0.7706,0.7671,0.7712,0.7507,0.7706,0.7485,0.7648,0.7671,0.7888,0.7507,0.8469,0.7671,0.8701,0.8509,0.8749,0.8492,0.7706,0.7472,0.7284,0.8469,0.8490,0.7706,0.8492,0.9357,0.8331,0.8094,0.8105,0.7706,0.7486,1.0000,0.7485,0.7905,0.8292,0.7869,0.7683,0.7904,0.8492,0.7671,0.8907,0.9365,0.8286,0.9365,0.8690,0.7507,0.7507,0.8749,0.7507,0.7307,0.7706,0.7507,0.9365,0.8102,0.8216,0.7706,0.7706,0.8285,0.8469,0.7887,0.8690,0.7472,0.7671,0.8057,0.7705,0.7507,0.7485,0.7284,0.7507,0.7286,0.7507,0.7485,0.8087,0.8182,0.7869,0.7290,0.7088,0.7449,0.8264,0.8292,0.8292,0.8294,0.9108,0.7869,0.8690,0.7899,0.8367,0.7235,0.8292,0.9357,0.8505,0.8501,0.8302,0.7472,0.8105,0.7904,0.8293,0.7700,0.9128,0.7507,0.9108,0.8690;
0.8939,0.9342,0.7509,0.8939,0.9144,0.9342,0.9563,0.7928,0.7509,0.9160,0.9144,0.7939,0.7509,0.7306,0.7324,0.7084,0.7520,0.9342,0.7707,0.8314,0.7939,0.7518,0.9342,0.7916,0.7691,0.7968,0.7731,0.8723,0.9342,0.8946,0.7485,1.0000,0.8923,0.7319,0.7707,0.9365,0.9144,0.7520,0.7509,0.7667,0.7683,0.7726,0.7286,0.7718,0.9144,0.9144,0.7084,0.9144,0.8944,0.8945,0.9144,0.7683,0.8149,0.7203,0.8945,0.9342,0.8123,0.7939,0.7724,0.7718,0.7707,0.7509,0.7895,0.8546,0.9144,0.9563,0.8314,0.9144,0.9365,0.9144,0.9563,0.7924,0.7581,0.7707,0.8307,0.8516,0.7684,0.6869,0.7319,0.7319,0.8132,0.7714,0.7707,0.7718,0.8929,0.6952,0.7470,0.7716,0.7691,0.8143,0.8547,0.8349,0.7707,0.8723,0.9144,0.7718,0.9128,0.7446,0.9144,0.7714,0.7718;
0.9151,0.9144,0.7519,0.9151,0.8946,0.9144,0.8923,0.7496,0.7519,0.8929,0.8946,0.7727,0.7519,0.7726,0.7535,0.7504,0.7750,0.9144,0.7717,0.8324,0.7727,0.7748,0.9144,0.8147,0.8111,0.8180,0.7943,0.8954,0.9144,0.9144,0.7905,0.8923,1.0000,0.7550,0.7717,0.8725,0.8946,0.7750,0.7519,0.7646,0.8104,0.7956,0.7707,0.7948,0.8946,0.8946,0.7504,0.8946,0.8746,0.8747,0.8946,0.8104,0.7951,0.7626,0.8747,0.9144,0.8353,0.7727,0.7955,0.7948,0.7717,0.7519,0.7904,0.8348,0.8946,0.8923,0.8324,0.8946,0.8725,0.8946,0.8923,0.8155,0.7593,0.7717,0.8727,0.8746,0.7694,0.7289,0.7550,0.7550,0.8142,0.8133,0.7717,0.7948,0.9160,0.7376,0.7480,0.7947,0.8111,0.8354,0.8349,0.8151,0.7717,0.8954,0.8946,0.7948,0.9358,0.7867,0.8946,0.8133,0.7948;
0.7534,0.7540,0.8301,0.7534,0.7739,0.7540,0.7319,0.7882,0.8301,0.7313,0.7739,0.8944,0.8301,0.8096,0.8306,0.8275,0.9363,0.7540,0.8103,0.7914,0.8944,0.9365,0.7540,0.8966,0.8085,0.8553,0.8316,0.8159,0.7540,0.7527,0.8292,0.7319,0.7550,1.0000,0.8103,0.7518,0.7739,0.9363,0.8301,0.7635,0.8093,0.9157,0.8490,0.9165,0.7739,0.7739,0.8275,0.7739,0.7939,0.7937,0.7739,0.8093,0.8733,0.8000,0.7937,0.7540,0.8760,0.8944,0.9158,0.9165,0.8103,0.8301,0.8287,0.8337,0.7739,0.7319,0.7914,0.7739,0.7518,0.7739,0.7319,0.8958,0.7976,0.8103,0.7511,0.7939,0.8079,0.8059,0.9563,0.9563,0.8524,0.8107,0.8103,0.9165,0.7953,0.8147,0.7865,0.9166,0.8085,0.8330,0.8336,0.8533,0.8103,0.8159,0.7739,0.9165,0.7755,0.7856,0.7739,0.8107,0.9165;
0.7525,0.7928,0.9365,0.7525,0.7730,0.7928,0.7707,0.9342,0.9365,0.7701,0.7730,0.7880,0.9365,0.8335,0.8317,0.8286,0.7903,0.7928,0.9166,0.8560,0.7880,0.8301,0.7928,0.7902,0.8075,0.8544,0.8306,0.7914,0.7928,0.7298,0.7869,0.7707,0.7717,0.8103,1.0000,0.7905,0.8126,0.7903,0.9365,0.7212,0.7670,0.8109,0.7671,0.8101,0.7730,0.7730,0.8286,0.7730,0.7930,0.7928,0.7730,0.7670,0.8724,0.8012,0.7928,0.7928,0.8109,0.7880,0.8111,0.8101,0.9166,0.9365,0.8505,0.7929,0.7730,0.7707,0.8560,0.7730,0.7509,0.7730,0.7707,0.7910,0.7571,0.9563,0.8156,0.8137,0.8715,0.8298,0.8103,0.8103,0.8742,0.8324,0.9563,0.8101,0.8120,0.8160,0.8929,0.8103,0.8075,0.8718,0.8325,0.8524,0.9166,0.7914,0.8126,0.7704,0.7922,0.7433,0.7730,0.8324,0.8101;
0.8741,0.9144,0.7707,0.8741,0.8945,0.9144,0.9365,0.8126,0.7707,0.9358,0.8945,0.8137,0.7707,0.7505,0.7522,0.7282,0.7718,0.9144,0.7509,0.8115,0.8137,0.7716,0.9144,0.7718,0.7890,0.8167,0.7930,0.8922,0.9144,0.8747,0.7683,0.9365,0.8725,0.7518,0.7905,1.0000,0.9342,0.7718,0.7707,0.7866,0.7882,0.7924,0.7485,0.7916,0.8945,0.8945,0.7282,0.8945,0.8745,0.9144,0.8945,0.7882,0.8348,0.7005,0.9144,0.9144,0.7924,0.8137,0.7526,0.7916,0.7509,0.7707,0.8093,0.8348,0.8945,0.9365,0.8115,0.8945,0.9166,0.8945,0.9365,0.7726,0.7779,0.7905,0.8109,0.8317,0.7883,0.7067,0.7518,0.7518,0.8330,0.7912,0.7905,0.7916,0.9128,0.7151,0.7272,0.7518,0.7890,0.8341,0.8349,0.8548,0.7509,0.8922,0.9342,0.7520,0.8929,0.7645,0.8945,0.7912,0.7916;
0.8962,0.9365,0.7928,0.8962,0.9166,0.9365,0.9144,0.7905,0.7928,0.9137,0.9166,0.7916,0.7928,0.7726,0.7743,0.7503,0.7939,0.9365,0.7730,0.8336,0.7916,0.7937,0.9365,0.7939,0.8110,0.8388,0.8151,0.9143,0.9365,0.8526,0.7904,0.9144,0.8946,0.7739,0.8126,0.9342,1.0000,0.7939,0.7928,0.7645,0.8103,0.8145,0.7706,0.8137,0.9166,0.9166,0.7503,0.9166,0.8966,0.9365,0.9166,0.8103,0.8569,0.7226,0.9365,0.9365,0.8145,0.7916,0.7747,0.8137,0.7730,0.7928,0.8314,0.8569,0.9166,0.9144,0.8336,0.9166,0.8945,0.9166,0.9144,0.7947,0.8000,0.8126,0.8330,0.8538,0.8104,0.7288,0.7739,0.7739,0.8551,0.8133,0.8126,0.8137,0.9349,0.7372,0.7493,0.7739,0.8110,0.8562,0.8570,0.8769,0.7730,0.9143,0.9563,0.7741,0.9150,0.7866,0.9166,0.8133,0.8137;
0.7734,0.7741,0.8101,0.7734,0.7939,0.7741,0.7520,0.7682,0.8101,0.7513,0.7939,0.9144,0.8101,0.8297,0.8106,0.8075,0.9563,0.7741,0.7902,0.7714,0.9144,0.9165,0.7741,0.9166,0.8286,0.8353,0.8115,0.8360,0.7741,0.7727,0.8492,0.7520,0.7750,0.9363,0.7903,0.7718,0.7939,1.0000,0.8101,0.7835,0.8293,0.9357,0.8690,0.9365,0.7939,0.7939,0.8075,0.7939,0.7739,0.8137,0.7939,0.8293,0.8533,0.7800,0.8137,0.7741,0.8960,0.9144,0.8958,0.9365,0.7902,0.8101,0.8487,0.8137,0.7939,0.7520,0.7714,0.7939,0.7718,0.7939,0.7520,0.9158,0.8176,0.7903,0.7310,0.7739,0.7879,0.7859,0.9363,0.9363,0.8724,0.8307,0.7903,0.9365,0.8153,0.7947,0.7665,0.8966,0.8286,0.8130,0.8536,0.8733,0.7902,0.8360,0.7939,0.9365,0.7955,0.8056,0.7939,0.8307,0.9365;
0.7723,0.7730,0.9563,0.7723,0.7928,0.7730,0.7509,0.9144,0.9563,0.7502,0.7928,0.7682,0.9563,0.8533,0.8515,0.8484,0.8101,0.7730,0.9365,0.8758,0.7682,0.8103,0.7730,0.7704,0.7877,0.8742,0.8505,0.7716,0.7730,0.7496,0.7671,0.7509,0.7519,0.8301,0.9365,0.7707,0.7928,0.8101,1.0000,0.7014,0.7472,0.8307,0.7869,0.7903,0.7928,0.7928,0.8484,0.7928,0.8128,0.8126,0.7928,0.7472,0.8923,0.8211,0.8126,0.7730,0.7910,0.7682,0.8309,0.7903,0.9365,0.9563,0.8703,0.8128,0.7928,0.7509,0.8758,0.7928,0.7707,0.7928,0.7509,0.8109,0.7769,0.9365,0.8355,0.8336,0.8914,0.8496,0.8301,0.8301,0.8940,0.8126,0.9365,0.7903,0.7922,0.8358,0.9128,0.7904,0.7877,0.8519,0.8127,0.8723,0.9365,0.7716,0.7928,0.7902,0.7723,0.7235,0.7928,0.8126,0.7903;
0.7453,0.7446,0.7014,0.7453,0.7248,0.7446,0.7667,0.7433,0.7014,0.8070,0.7248,0.8255,0.7014,0.8044,0.7853,0.8093,0.7835,0.7446,0.6816,0.6627,0.8255,0.7833,0.7446,0.7835,0.8700,0.7674,0.7911,0.7845,0.7446,0.7668,0.8907,0.7667,0.7646,0.7635,0.7212,0.7866,0.7645,0.7835,0.7014,1.0000,0.9105,0.7629,0.8708,0.8034,0.7248,0.7248,0.8093,0.7248,0.7048,0.7446,0.7248,0.9105,0.7445,0.7559,0.7446,0.7446,0.7629,0.8255,0.7230,0.8034,0.6816,0.7014,0.7874,0.7446,0.7248,0.7667,0.6627,0.7248,0.7469,0.7248,0.7667,0.7431,0.8000,0.7212,0.7030,0.6828,0.7266,0.8081,0.7635,0.7635,0.7637,0.8452,0.7212,0.8034,0.7639,0.7710,0.7053,0.7635,0.8700,0.7848,0.7844,0.7645,0.6816,0.7845,0.7645,0.7637,0.7441,0.9342,0.7248,0.8452,0.8034;
0.7911,0.7904,0.7472,0.7911,0.7706,0.7904,0.7683,0.7449,0.7472,0.8087,0.7706,0.8271,0.7472,0.8502,0.8311,0.8551,0.8293,0.7904,0.7274,0.7085,0.8271,0.8291,0.7904,0.8293,0.9158,0.8132,0.7895,0.8304,0.7904,0.7684,0.9365,0.7683,0.8104,0.8093,0.7670,0.7882,0.8103,0.8293,0.7472,0.9105,1.0000,0.8087,0.9166,0.8492,0.7706,0.7706,0.8551,0.7706,0.7506,0.7904,0.7706,0.9563,0.7903,0.8017,0.7904,0.7904,0.8087,0.8271,0.7688,0.8492,0.7274,0.7472,0.7858,0.7904,0.7706,0.7683,0.7085,0.7706,0.7485,0.7706,0.7683,0.7889,0.7984,0.7670,0.7489,0.7287,0.7250,0.8065,0.8093,0.8093,0.8095,0.8910,0.7670,0.8492,0.8097,0.8168,0.7037,0.8093,0.9158,0.8306,0.8302,0.8103,0.7274,0.8304,0.8103,0.8095,0.7899,0.9326,0.7706,0.8910,0.8492;
0.7940,0.7947,0.8307,0.7940,0.8145,0.7947,0.7726,0.7888,0.8307,0.7719,0.8145,0.8938,0.8307,0.8503,0.8312,0.8281,0.9357,0.7947,0.8109,0.7920,0.8938,0.8958,0.7947,0.8960,0.8492,0.8559,0.8322,0.8153,0.7947,0.7934,0.8286,0.7726,0.7956,0.9157,0.8109,0.7924,0.8145,0.9357,0.8307,0.7629,0.8087,1.0000,0.8484,0.9159,0.8145,0.8145,0.8281,0.8145,0.7945,0.8344,0.8145,0.8087,0.8740,0.8006,0.8344,0.7947,0.9166,0.8938,0.9165,0.9159,0.8109,0.8307,0.8693,0.8343,0.8145,0.7726,0.7920,0.8145,0.7924,0.8145,0.7726,0.9365,0.8383,0.8109,0.7517,0.7946,0.8085,0.8066,0.9157,0.9157,0.8930,0.8514,0.8109,0.9159,0.8360,0.8153,0.7872,0.8760,0.8492,0.8336,0.8742,0.8940,0.8109,0.8153,0.8145,0.9158,0.8161,0.7850,0.8145,0.8514,0.9159;
0.7911,0.7507,0.7869,0.7911,0.7706,0.7507,0.7286,0.7450,0.7869,0.7690,0.7706,0.8271,0.7869,0.8899,0.8708,0.8948,0.8690,0.7507,0.7671,0.7482,0.8271,0.8292,0.7507,0.8293,0.9159,0.8529,0.8292,0.7907,0.7507,0.7684,0.9365,0.7286,0.7707,0.8490,0.7671,0.7485,0.7706,0.8690,0.7869,0.8708,0.9166,0.8484,1.0000,0.8492,0.7706,0.7706,0.8948,0.7706,0.7506,0.7904,0.7706,0.9166,0.8300,0.8414,0.7904,0.7507,0.8087,0.8271,0.8085,0.8492,0.7671,0.7869,0.8255,0.7903,0.7706,0.7286,0.7482,0.7706,0.7485,0.7706,0.7286,0.8285,0.8381,0.7671,0.7488,0.7286,0.7647,0.8462,0.8490,0.8490,0.8492,0.8910,0.7671,0.8492,0.7700,0.8565,0.7433,0.8093,0.9159,0.8307,0.8303,0.8500,0.7671,0.7907,0.7706,0.8492,0.7502,0.8929,0.7706,0.8910,0.8492;
0.7536,0.7939,0.7903,0.7536,0.7741,0.7939,0.7718,0.7880,0.7903,0.7711,0.7741,0.9342,0.7903,0.8098,0.7908,0.7876,0.9365,0.7939,0.7704,0.7516,0.9342,0.9363,0.7939,0.9365,0.8484,0.8154,0.7917,0.8558,0.7939,0.7529,0.8690,0.7718,0.7948,0.9165,0.8101,0.7916,0.8137,0.9365,0.7903,0.8034,0.8492,0.9159,0.8492,1.0000,0.7741,0.7741,0.7876,0.7741,0.7540,0.7939,0.7741,0.8492,0.8335,0.7602,0.7939,0.7939,0.9158,0.9342,0.8760,0.9563,0.7704,0.7903,0.8288,0.7938,0.7741,0.7718,0.7516,0.7741,0.7520,0.7741,0.7718,0.8960,0.7978,0.8101,0.7112,0.7541,0.7681,0.7661,0.9165,0.9165,0.8525,0.8506,0.8101,0.9563,0.8352,0.7748,0.7467,0.9165,0.8484,0.8328,0.8734,0.8535,0.7704,0.8558,0.8137,0.9166,0.8153,0.8255,0.7741,0.8506,0.9563;
0.9358,0.9365,0.7928,0.9358,0.9563,0.9365,0.9144,0.7509,0.7928,0.8741,0.9563,0.7520,0.7928,0.7726,0.7743,0.7503,0.7939,0.9365,0.8126,0.8733,0.7520,0.7540,0.9365,0.7939,0.7714,0.8388,0.8151,0.8746,0.9365,0.8923,0.7507,0.9144,0.8946,0.7739,0.7730,0.8945,0.9166,0.7939,0.7928,0.7248,0.7706,0.8145,0.7706,0.7741,1.0000,0.9563,0.7503,0.9563,0.9363,0.9365,0.9563,0.7706,0.8568,0.7623,0.9365,0.9365,0.8145,0.7520,0.8143,0.7741,0.8126,0.7928,0.8314,0.8965,0.9563,0.9144,0.8733,0.9563,0.9342,0.9563,0.9144,0.8344,0.8000,0.7730,0.8727,0.8935,0.8103,0.7288,0.7739,0.7739,0.8551,0.7736,0.7730,0.7741,0.8952,0.7372,0.7889,0.7739,0.7714,0.8165,0.8570,0.8769,0.8126,0.8746,0.9166,0.8137,0.9151,0.7469,0.9563,0.7736,0.7741;
0.9358,0.9365,0.7928,0.9358,0.9563,0.9365,0.9144,0.7509,0.7928,0.8741,0.9563,0.7520,0.7928,0.7726,0.7743,0.7503,0.7939,0.9365,0.8126,0.8733,0.7520,0.7540,0.9365,0.7939,0.7714,0.8388,0.8151,0.8746,0.9365,0.8923,0.7507,0.9144,0.8946,0.7739,0.7730,0.8945,0.9166,0.7939,0.7928,0.7248,0.7706,0.8145,0.7706,0.7741,0.9563,1.0000,0.7503,0.9563,0.9363,0.9365,0.9563,0.7706,0.8568,0.7623,0.9365,0.9365,0.8145,0.7520,0.8143,0.7741,0.8126,0.7928,0.8314,0.8965,0.9563,0.9144,0.8733,0.9563,0.9342,0.9563,0.9144,0.8344,0.8000,0.7730,0.8727,0.8935,0.8103,0.7288,0.7739,0.7739,0.8551,0.7736,0.7730,0.7741,0.8952,0.7372,0.7889,0.7739,0.7714,0.8165,0.8570,0.8769,0.8126,0.8746,0.9166,0.8137,0.9151,0.7469,0.9563,0.7736,0.7741;
0.7708,0.7305,0.8484,0.7708,0.7503,0.7305,0.7084,0.8065,0.8484,0.7487,0.7503,0.7655,0.8484,0.9114,0.9323,0.9563,0.8075,0.7305,0.8286,0.7679,0.7655,0.8077,0.7305,0.7678,0.8956,0.8727,0.8489,0.7291,0.7305,0.7481,0.8749,0.7084,0.7504,0.8275,0.8286,0.7282,0.7503,0.8075,0.8484,0.8093,0.8551,0.8281,0.8948,0.7876,0.7503,0.7503,1.0000,0.7503,0.7703,0.7701,0.7503,0.8551,0.8498,0.9029,0.7701,0.7305,0.7884,0.7655,0.8283,0.7876,0.8286,0.8484,0.8052,0.8101,0.7503,0.7084,0.7679,0.7503,0.7282,0.7503,0.7084,0.8083,0.8178,0.8286,0.7686,0.7484,0.8262,0.9078,0.8275,0.8275,0.8289,0.8707,0.8286,0.7876,0.7498,0.9181,0.8049,0.7878,0.8956,0.8504,0.8100,0.8298,0.8286,0.7291,0.7503,0.7876,0.7299,0.8314,0.7503,0.8707,0.7876;
0.9358,0.9365,0.7928,0.9358,0.9563,0.9365,0.9144,0.7509,0.7928,0.8741,0.9563,0.7520,0.7928,0.7726,0.7743,0.7503,0.7939,0.9365,0.8126,0.8733,0.7520,0.7540,0.9365,0.7939,0.7714,0.8388,0.8151,0.8746,0.9365,0.8923,0.7507,0.9144,0.8946,0.7739,0.7730,0.8945,0.9166,0.7939,0.7928,0.7248,0.7706,0.8145,0.7706,0.7741,0.9563,0.9563,0.7503,1.0000,0.9363,0.9365,0.9563,0.7706,0.8568,0.7623,0.9365,0.9365,0.8145,0.7520,0.8143,0.7741,0.8126,0.7928,0.8314,0.8965,0.9563,0.9144,0.8733,0.9563,0.9342,0.9563,0.9144,0.8344,0.8000,0.7730,0.8727,0.8935,0.8103,0.7288,0.7739,0.7739,0.8551,0.7736,0.7730,0.7741,0.8952,0.7372,0.7889,0.7739,0.7714,0.8165,0.8570,0.8769,0.8126,0.8746,0.9166,0.8137,0.9151,0.7469,0.9563,0.7736,0.7741;
0.9158,0.9165,0.8128,0.9158,0.9363,0.9165,0.8944,0.7709,0.8128,0.8541,0.9363,0.7319,0.8128,0.7525,0.7943,0.7703,0.7739,0.9165,0.8326,0.8933,0.7319,0.7741,0.9165,0.7739,0.7514,0.8588,0.8351,0.8546,0.9165,0.8723,0.7307,0.8944,0.8746,0.7939,0.7930,0.8745,0.8966,0.7739,0.8128,0.7048,0.7506,0.7945,0.7506,0.7540,0.9363,0.9363,0.7703,0.9363,1.0000,0.9165,0.9363,0.7506,0.8769,0.7823,0.9165,0.9165,0.7945,0.7319,0.8344,0.7540,0.8326,0.8128,0.8114,0.9165,0.9363,0.8944,0.8933,0.9363,0.9142,0.9363,0.8944,0.8143,0.7800,0.7930,0.8927,0.9135,0.8304,0.7488,0.7939,0.7939,0.8351,0.7536,0.7930,0.7540,0.8752,0.7572,0.8089,0.7939,0.7514,0.8365,0.8370,0.8568,0.8326,0.8546,0.8966,0.7937,0.8950,0.7269,0.9363,0.7536,0.7540;
0.9160,0.9166,0.8126,0.9160,0.9365,0.9166,0.8945,0.7707,0.8126,0.8939,0.9365,0.7718,0.8126,0.7924,0.7942,0.7701,0.8137,0.9166,0.7928,0.8535,0.7718,0.7739,0.9166,0.7741,0.7912,0.8586,0.8349,0.8944,0.9166,0.8725,0.7706,0.8945,0.8747,0.7937,0.7928,0.9144,0.9365,0.8137,0.8126,0.7446,0.7904,0.8344,0.7904,0.7939,0.9365,0.9365,0.7701,0.9365,0.9165,1.0000,0.9365,0.7904,0.8767,0.7424,0.9563,0.9166,0.7947,0.7718,0.7945,0.7939,0.7928,0.8126,0.8512,0.8767,0.9365,0.8945,0.8535,0.9365,0.9144,0.9365,0.8945,0.8145,0.8198,0.7928,0.8528,0.8737,0.8302,0.7487,0.7937,0.7937,0.8749,0.7935,0.7928,0.7939,0.9151,0.7570,0.7691,0.7540,0.7912,0.8364,0.8371,0.8967,0.7928,0.8944,0.9365,0.7939,0.8952,0.7667,0.9365,0.7935,0.7939;
0.9358,0.9365,0.7928,0.9358,0.9563,0.9365,0.9144,0.7509,0.7928,0.8741,0.9563,0.7520,0.7928,0.7726,0.7743,0.7503,0.7939,0.9365,0.8126,0.8733,0.7520,0.7540,0.9365,0.7939,0.7714,0.8388,0.8151,0.8746,0.9365,0.8923,0.7507,0.9144,0.8946,0.7739,0.7730,0.8945,0.9166,0.7939,0.7928,0.7248,0.7706,0.8145,0.7706,0.7741,0.9563,0.9563,0.7503,0.9563,0.9363,0.9365,1.0000,0.7706,0.8568,0.7623,0.9365,0.9365,0.8145,0.7520,0.8143,0.7741,0.8126,0.7928,0.8314,0.8965,0.9563,0.9144,0.8733,0.9563,0.9342,0.9563,0.9144,0.8344,0.8000,0.7730,0.8727,0.8935,0.8103,0.7288,0.7739,0.7739,0.8551,0.7736,0.7730,0.7741,0.8952,0.7372,0.7889,0.7739,0.7714,0.8165,0.8570,0.8769,0.8126,0.8746,0.9166,0.8137,0.9151,0.7469,0.9563,0.7736,0.7741;
0.7911,0.7904,0.7472,0.7911,0.7706,0.7904,0.7683,0.7449,0.7472,0.8087,0.7706,0.8271,0.7472,0.8502,0.8311,0.8551,0.8293,0.7904,0.7274,0.7085,0.8271,0.8291,0.7904,0.8293,0.9158,0.8132,0.7895,0.8304,0.7904,0.7684,0.9365,0.7683,0.8104,0.8093,0.7670,0.7882,0.8103,0.8293,0.7472,0.9105,0.9563,0.8087,0.9166,0.8492,0.7706,0.7706,0.8551,0.7706,0.7506,0.7904,0.7706,1.0000,0.7903,0.8017,0.7904,0.7904,0.8087,0.8271,0.7688,0.8492,0.7274,0.7472,0.7858,0.7904,0.7706,0.7683,0.7085,0.7706,0.7485,0.7706,0.7683,0.7889,0.7984,0.7670,0.7489,0.7287,0.7250,0.8065,0.8093,0.8093,0.8095,0.8910,0.7670,0.8492,0.8097,0.8168,0.7037,0.8093,0.9158,0.8306,0.8302,0.8103,0.7274,0.8304,0.8103,0.8095,0.7899,0.9326,0.7706,0.8910,0.8492;
0.8364,0.8370,0.8923,0.8364,0.8568,0.8370,0.8149,0.8503,0.8923,0.8143,0.8568,0.8114,0.8923,0.8320,0.8738,0.8498,0.8533,0.8370,0.8724,0.8536,0.8114,0.8535,0.8370,0.8137,0.8308,0.9382,0.9145,0.8148,0.8370,0.7928,0.8102,0.8149,0.7951,0.8733,0.8724,0.8348,0.8569,0.8533,0.8923,0.7445,0.7903,0.8740,0.8300,0.8335,0.8568,0.8568,0.8498,0.8568,0.8769,0.8767,0.8568,0.7903,1.0000,0.8221,0.8767,0.8370,0.8343,0.8114,0.8741,0.8335,0.8724,0.8923,0.8908,0.8768,0.8568,0.8149,0.8536,0.8568,0.8348,0.8568,0.8149,0.8541,0.8197,0.8724,0.8132,0.8341,0.8701,0.8283,0.8733,0.8733,0.9145,0.8331,0.8724,0.8335,0.8354,0.8366,0.8487,0.8337,0.8308,0.9160,0.8767,0.9363,0.8724,0.8148,0.8569,0.8335,0.8156,0.7666,0.8568,0.8331,0.8335;
0.7828,0.7424,0.8211,0.7828,0.7623,0.7424,0.7203,0.7791,0.8211,0.7210,0.7623,0.7381,0.8211,0.8841,0.9046,0.9029,0.7800,0.7424,0.8409,0.7803,0.7381,0.7802,0.7424,0.7800,0.8422,0.8449,0.8212,0.7016,0.7424,0.7603,0.8216,0.7203,0.7626,0.8000,0.8012,0.7005,0.7226,0.7800,0.8211,0.7559,0.8017,0.8006,0.8414,0.7602,0.7623,0.7623,0.9029,0.7623,0.7823,0.7424,0.7623,0.8017,0.8221,1.0000,0.7424,0.7424,0.8006,0.7381,0.8405,0.7602,0.8409,0.8211,0.7778,0.8221,0.7623,0.7203,0.7803,0.7623,0.7402,0.7623,0.7203,0.8205,0.8315,0.8012,0.7809,0.7606,0.7989,0.8804,0.8000,0.8000,0.8015,0.8433,0.8012,0.7602,0.7223,0.8952,0.8172,0.8000,0.8422,0.8227,0.8220,0.8020,0.8409,0.7016,0.7226,0.7998,0.7421,0.7780,0.7623,0.8433,0.7602;
0.9160,0.9166,0.8126,0.9160,0.9365,0.9166,0.8945,0.7707,0.8126,0.8939,0.9365,0.7718,0.8126,0.7924,0.7942,0.7701,0.8137,0.9166,0.7928,0.8535,0.7718,0.7739,0.9166,0.7741,0.7912,0.8586,0.8349,0.8944,0.9166,0.8725,0.7706,0.8945,0.8747,0.7937,0.7928,0.9144,0.9365,0.8137,0.8126,0.7446,0.7904,0.8344,0.7904,0.7939,0.9365,0.9365,0.7701,0.9365,0.9165,0.9563,0.9365,0.7904,0.8767,0.7424,1.0000,0.9166,0.7947,0.7718,0.7945,0.7939,0.7928,0.8126,0.8512,0.8767,0.9365,0.8945,0.8535,0.9365,0.9144,0.9365,0.8945,0.8145,0.8198,0.7928,0.8528,0.8737,0.8302,0.7487,0.7937,0.7937,0.8749,0.7935,0.7928,0.7939,0.9151,0.7570,0.7691,0.7540,0.7912,0.8364,0.8371,0.8967,0.7928,0.8944,0.9365,0.7939,0.8952,0.7667,0.9365,0.7935,0.7939;
0.9160,0.9563,0.7730,0.9160,0.9365,0.9563,0.9342,0.7707,0.7730,0.8939,0.9365,0.7718,0.7730,0.7527,0.7545,0.7305,0.7741,0.9563,0.7928,0.8535,0.7718,0.7739,0.9563,0.8137,0.7912,0.8189,0.7952,0.8944,0.9563,0.8725,0.7706,0.9342,0.9144,0.7540,0.7928,0.9144,0.9365,0.7741,0.7730,0.7446,0.7904,0.7947,0.7507,0.7939,0.9365,0.9365,0.7305,0.9365,0.9165,0.9166,0.9365,0.7904,0.8370,0.7424,0.9166,1.0000,0.8344,0.7718,0.7945,0.7939,0.7928,0.7730,0.8116,0.8767,0.9365,0.9342,0.8535,0.9365,0.9144,0.9365,0.9342,0.8145,0.7802,0.7928,0.8528,0.8737,0.7905,0.7090,0.7540,0.7540,0.8353,0.7935,0.7928,0.7939,0.9150,0.7173,0.7691,0.7937,0.7912,0.8364,0.8768,0.8570,0.7928,0.8944,0.9365,0.7939,0.9349,0.7667,0.9365,0.7935,0.7939;
