SimGraph=[
17.0000,15.4343,13.0545,16.0448,15.7571,15.4343,15.2140,12.5114,13.0545,15.1795,15.7571,12.5050,13.0545,13.3307,13.6094,12.9161,13.0481,15.4343,13.3767,14.2847,12.5050,12.4127,15.4343,13.0475,13.1738,14.4562,14.2831,14.2683,15.4343,15.2613,12.8933,15.2140,15.1587,12.7356,12.7317,14.8918,15.1121,13.0481,13.0545,12.8214,13.2147,13.3286,13.2161,12.7253,15.7571,15.7571,12.9161,15.7571,15.4446,15.4350,15.7571,13.2147,14.1610,13.1385,15.4350,15.4343,13.3280,12.5050,13.3383,12.7253,13.3767,13.0545,13.7093,14.8057,15.7571,15.2140,14.2847,15.7571,15.5369,15.7571,15.2140,13.6508,13.2566,12.7317,14.8938,14.6341,13.4492,12.8451,12.7356,12.7356,13.8823,13.2759,12.7317,12.7253,14.5488,12.7908,13.2037,12.7349,13.1738,14.1258,14.1545,14.4735,13.3767,14.2683,15.1121,13.3703,14.8710,13.0416,15.7571,13.2759,12.7253;
15.4343,17.0000,13.0194,15.4343,15.7220,16.0448,15.8246,13.1220,13.0194,15.2147,15.7220,13.1156,13.0194,12.7202,12.9988,12.3055,13.0130,16.0448,13.3416,14.2496,13.1156,13.0233,16.0448,13.6580,13.2089,13.8456,13.6726,14.8789,16.0448,14.6508,12.9284,15.8246,15.1939,12.7004,13.3422,15.5024,15.7226,13.0130,13.0194,12.8565,13.2498,13.2935,12.6056,13.3358,15.7220,15.7220,12.3055,15.7220,15.4094,15.3998,15.7220,13.2498,14.1258,12.5279,15.3998,16.0448,13.9385,13.1156,13.3031,13.3358,13.3416,13.0194,13.6741,14.7706,15.7220,15.8246,14.2496,15.7220,15.5017,15.7220,15.8246,13.6157,13.2214,13.3422,14.2833,14.5990,13.4141,12.2346,12.7004,12.7004,13.8471,13.3110,13.3422,13.3358,15.1594,12.1803,13.1685,13.3455,13.2089,14.1610,14.7651,14.4384,13.3416,14.8789,15.7226,13.3351,15.4816,13.0768,15.7220,13.3110,13.3358;
13.0545,13.0194,17.0000,13.0545,13.3422,13.0194,12.7991,15.5017,16.0448,12.8336,13.3422,13.1505,16.0448,14.6261,14.3474,14.1648,13.6937,13.0194,15.7226,14.8146,13.1505,13.6834,13.0194,13.0486,13.2614,14.6582,14.4852,12.9910,13.0194,12.7643,12.9809,12.7991,12.6616,14.0062,15.7220,13.1213,13.3416,13.6937,16.0448,12.2662,12.6595,13.9742,13.3037,13.3708,13.3422,13.3422,14.1648,13.3422,13.6548,13.6644,13.3422,12.6595,14.9384,13.7634,13.6644,13.0194,13.3291,13.1505,13.9646,13.3708,15.7226,16.0448,15.0440,13.6569,13.3422,12.7991,14.8146,13.3422,13.1220,13.3422,12.7991,13.6520,13.2992,15.7220,14.2055,13.8320,15.3041,14.7656,14.0062,14.0062,15.2171,14.0352,15.7220,13.3708,13.2715,14.0664,15.5496,13.3612,13.2614,14.3278,13.6624,14.6258,15.7226,12.9910,13.3416,13.3715,12.9493,12.4864,13.3422,14.0352,13.3708;
16.0448,15.4343,13.0545,17.0000,15.7571,15.4343,15.2140,12.5114,13.0545,15.1795,15.7571,12.5050,13.0545,13.3307,13.6094,12.9161,13.0481,15.4343,13.3767,14.2847,12.5050,12.4127,15.4343,13.0475,13.1738,14.4562,14.2831,14.2683,15.4343,15.2613,12.8933,15.2140,15.1587,12.7356,12.7317,14.8918,15.1121,13.0481,13.0545,12.8214,13.2147,13.3286,13.2161,12.7253,15.7571,15.7571,12.9161,15.7571,15.4446,15.4350,15.7571,13.2147,14.1610,13.1385,15.4350,15.4343,13.3280,12.5050,13.3383,12.7253,13.3767,13.0545,13.7093,14.8057,15.7571,15.2140,14.2847,15.7571,15.5369,15.7571,15.2140,13.6508,13.2566,12.7317,14.8938,14.6341,13.4492,12.8451,12.7356,12.7356,13.8823,13.2759,12.7317,12.7253,14.5488,12.7908,13.2037,12.7349,13.1738,14.1258,14.1545,14.4735,13.3767,14.2683,15.1121,13.3703,14.8710,13.0416,15.7571,13.2759,12.7253;
15.7571,15.7220,13.3422,15.7571,17.0000,15.7220,15.5017,12.7991,13.3422,14.8918,16.0448,12.7927,13.3422,13.0430,13.3217,12.6284,13.3358,15.7220,13.6644,14.5724,12.7927,12.7004,15.7220,13.3351,12.8861,14.1685,13.9954,14.5560,15.7220,14.9736,12.6056,15.5017,14.8710,13.0233,13.0194,15.1795,15.3998,13.3358,13.3422,12.5337,12.9270,13.6163,12.9284,13.0130,16.0448,16.0448,12.6284,16.0448,15.7323,15.7226,16.0448,12.9270,14.4487,12.8508,15.7226,15.7220,13.6157,12.7927,13.6260,13.0130,13.6644,13.3422,13.9970,15.0934,16.0448,15.5017,14.5724,16.0448,15.8246,16.0448,15.5017,13.9385,13.5443,13.0194,14.6061,14.9218,13.7369,12.5574,13.0233,13.0233,14.1700,12.9882,13.0194,13.0130,14.8365,12.5032,13.4914,13.0226,12.8861,13.8381,14.4422,14.7612,13.6644,14.5560,15.3998,13.6580,15.1587,12.7539,16.0448,12.9882,13.0130;
15.4343,16.0448,13.0194,15.4343,15.7220,17.0000,15.8246,13.1220,13.0194,15.2147,15.7220,13.1156,13.0194,12.7202,12.9988,12.3055,13.0130,16.0448,13.3416,14.2496,13.1156,13.0233,16.0448,13.6580,13.2089,13.8456,13.6726,14.8789,16.0448,14.6508,12.9284,15.8246,15.1939,12.7004,13.3422,15.5024,15.7226,13.0130,13.0194,12.8565,13.2498,13.2935,12.6056,13.3358,15.7220,15.7220,12.3055,15.7220,15.4094,15.3998,15.7220,13.2498,14.1258,12.5279,15.3998,16.0448,13.9385,13.1156,13.3031,13.3358,13.3416,13.0194,13.6741,14.7706,15.7220,15.8246,14.2496,15.7220,15.5017,15.7220,15.8246,13.6157,13.2214,13.3422,14.2833,14.5990,13.4141,12.2346,12.7004,12.7004,13.8471,13.3110,13.3422,13.3358,15.1594,12.1803,13.1685,13.3455,13.2089,14.1610,14.7651,14.4384,13.3416,14.8789,15.7226,13.3351,15.4816,13.0768,15.7220,13.3110,13.3358;
15.2140,15.8246,12.7991,15.2140,15.5017,15.8246,17.0000,13.3422,12.7991,15.4350,15.5017,13.3358,12.7991,12.4999,12.7786,12.0853,12.7927,15.8246,13.1213,14.0293,13.3358,12.8030,15.8246,13.4377,12.9887,13.6254,13.4523,14.6586,15.8246,14.8710,12.7082,16.0448,14.9736,12.4801,13.1220,15.7226,15.5024,12.7927,12.7991,13.0768,13.0296,13.0732,12.3853,13.1156,15.5017,15.5017,12.0853,15.5017,15.1892,15.1795,15.5017,13.0296,13.9055,12.3077,15.1795,15.8246,13.7183,13.3358,13.0829,13.1156,13.1213,12.7991,13.4538,14.5503,15.5017,16.0448,14.0293,15.5017,15.7220,15.5017,16.0448,13.3954,13.0012,13.1220,14.0630,14.3787,13.1938,12.0143,12.4801,12.4801,13.6269,13.0908,13.1220,13.1156,14.9391,11.9600,12.9483,13.1252,12.9887,13.9407,14.5448,14.2181,13.1213,14.6586,15.5024,13.1149,15.2613,12.8565,15.5017,13.0908,13.1156;
12.5114,13.1220,15.5017,12.5114,12.7991,13.1220,13.3422,17.0000,15.5017,13.3767,12.7991,13.6937,15.5017,14.0830,13.8043,13.6217,13.1505,13.1220,15.1795,14.2715,13.6937,13.7860,13.1220,13.1512,13.3640,14.1151,13.9421,13.0936,13.1220,12.6616,13.0835,13.3422,12.7643,13.4631,15.8246,13.6644,13.4442,13.1505,15.5017,12.8093,12.7621,13.4311,12.7606,13.4734,12.7991,12.7991,13.6217,12.7991,13.1117,13.1213,12.7991,12.7621,14.3953,13.2203,13.1213,13.1220,13.4317,13.6937,13.4214,13.4734,15.1795,15.5017,14.5009,13.1138,12.7991,13.3422,14.2715,12.7991,13.0194,12.7991,13.3422,13.1089,12.7561,15.8246,13.6624,13.2889,14.7609,14.2225,13.4631,13.4631,14.6740,14.1378,15.8246,13.4734,13.3741,13.5233,15.0065,13.4638,13.3640,14.4304,13.7650,14.0827,15.1795,13.0936,13.4442,12.8284,13.0519,12.5890,12.7991,14.1378,13.4734;
13.0545,13.0194,16.0448,13.0545,13.3422,13.0194,12.7991,15.5017,17.0000,12.8336,13.3422,13.1505,16.0448,14.6261,14.3474,14.1648,13.6937,13.0194,15.7226,14.8146,13.1505,13.6834,13.0194,13.0486,13.2614,14.6582,14.4852,12.9910,13.0194,12.7643,12.9809,12.7991,12.6616,14.0062,15.7220,13.1213,13.3416,13.6937,16.0448,12.2662,12.6595,13.9742,13.3037,13.3708,13.3422,13.3422,14.1648,13.3422,13.6548,13.6644,13.3422,12.6595,14.9384,13.7634,13.6644,13.0194,13.3291,13.1505,13.9646,13.3708,15.7226,16.0448,15.0440,13.6569,13.3422,12.7991,14.8146,13.3422,13.1220,13.3422,12.7991,13.6520,13.2992,15.7220,14.2055,13.8320,15.3041,14.7656,14.0062,14.0062,15.2171,14.0352,15.7220,13.3708,13.2715,14.0664,15.5496,13.3612,13.2614,14.3278,13.6624,14.6258,15.7226,12.9910,13.3416,13.3715,12.9493,12.4864,13.3422,14.0352,13.3708;
15.1795,15.2147,12.8336,15.1795,14.8918,15.2147,15.4350,13.3767,12.8336,17.0000,14.8918,13.3703,12.8336,13.1098,13.3885,12.6952,12.8272,15.2147,12.5114,13.4194,13.3703,12.8375,15.2147,12.8279,13.5986,14.2353,14.0622,14.6931,15.2147,14.8365,13.3181,15.4350,14.9391,12.5146,13.1565,15.7571,15.5369,12.8272,12.8336,13.6867,13.6395,13.1077,12.9952,13.1501,14.8918,14.8918,12.6952,14.8918,14.5793,15.2140,14.8918,13.6395,13.9400,12.2732,15.2140,15.2147,13.1084,13.3703,12.4730,13.1501,12.5114,12.8336,13.4883,13.9404,14.8918,15.4350,13.4194,14.8918,15.1121,14.8918,15.4350,12.7855,13.0357,13.1565,14.0285,13.7688,13.2283,12.6242,12.5146,12.5146,13.6614,13.7006,13.1565,13.1501,14.9736,12.5699,12.3384,12.5153,13.5986,14.5506,13.9349,14.2526,12.5114,14.6931,15.5369,12.5050,14.6514,13.4664,14.8918,13.7006,13.1501;
15.7571,15.7220,13.3422,15.7571,16.0448,15.7220,15.5017,12.7991,13.3422,14.8918,17.0000,12.7927,13.3422,13.0430,13.3217,12.6284,13.3358,15.7220,13.6644,14.5724,12.7927,12.7004,15.7220,13.3351,12.8861,14.1685,13.9954,14.5560,15.7220,14.9736,12.6056,15.5017,14.8710,13.0233,13.0194,15.1795,15.3998,13.3358,13.3422,12.5337,12.9270,13.6163,12.9284,13.0130,16.0448,16.0448,12.6284,16.0448,15.7323,15.7226,16.0448,12.9270,14.4487,12.8508,15.7226,15.7220,13.6157,12.7927,13.6260,13.0130,13.6644,13.3422,13.9970,15.0934,16.0448,15.5017,14.5724,16.0448,15.8246,16.0448,15.5017,13.9385,13.5443,13.0194,14.6061,14.9218,13.7369,12.5574,13.0233,13.0233,14.1700,12.9882,13.0194,13.0130,14.8365,12.5032,13.4914,13.0226,12.8861,13.8381,14.4422,14.7612,13.6644,14.5560,15.3998,13.6580,15.1587,12.7539,16.0448,12.9882,13.0130;
12.5050,13.1156,13.1505,12.5050,12.7927,13.1156,13.3358,13.6937,13.1505,13.3703,12.7927,17.0000,13.1505,13.4881,13.2735,13.0836,15.5017,13.1156,12.8284,12.4563,16.0448,15.5120,13.1156,15.5024,13.9870,13.4836,13.3105,14.2815,13.1156,13.2885,14.2676,13.3358,13.3911,15.1892,13.4734,13.6580,13.4377,15.5017,13.1505,13.9934,13.9461,15.2212,13.9447,15.8246,12.7927,12.7927,13.0836,12.7927,12.4801,13.1149,12.7927,13.9461,13.7638,12.6765,13.1149,13.1156,15.2219,16.0448,14.5864,15.8246,12.8284,13.1505,13.8053,13.1190,12.7927,13.3358,12.4563,12.7927,13.0130,12.7927,13.3358,14.8990,13.3734,13.4734,11.8472,12.7962,12.9042,13.0025,15.1892,15.1892,13.9783,14.0789,13.4734,15.8246,14.0010,12.9778,12.6553,15.1898,13.9870,13.7989,14.3953,14.0763,12.8284,14.2815,13.4377,15.1795,13.6788,13.7731,12.7927,14.0789,15.8246;
13.0545,13.0194,16.0448,13.0545,13.3422,13.0194,12.7991,15.5017,16.0448,12.8336,13.3422,13.1505,17.0000,14.6261,14.3474,14.1648,13.6937,13.0194,15.7226,14.8146,13.1505,13.6834,13.0194,13.0486,13.2614,14.6582,14.4852,12.9910,13.0194,12.7643,12.9809,12.7991,12.6616,14.0062,15.7220,13.1213,13.3416,13.6937,16.0448,12.2662,12.6595,13.9742,13.3037,13.3708,13.3422,13.3422,14.1648,13.3422,13.6548,13.6644,13.3422,12.6595,14.9384,13.7634,13.6644,13.0194,13.3291,13.1505,13.9646,13.3708,15.7226,16.0448,15.0440,13.6569,13.3422,12.7991,14.8146,13.3422,13.1220,13.3422,12.7991,13.6520,13.2992,15.7220,14.2055,13.8320,15.3041,14.7656,14.0062,14.0062,15.2171,14.0352,15.7220,13.3708,13.2715,14.0664,15.5496,13.3612,13.2614,14.3278,13.6624,14.6258,15.7226,12.9910,13.3416,13.3715,12.9493,12.4864,13.3422,14.0352,13.3708;
13.3307,12.7202,14.6261,13.3307,13.0430,12.7202,12.4999,14.0830,14.6261,13.1098,13.0430,13.4881,14.6261,17.0000,15.1411,14.9584,14.0312,12.7202,14.3039,13.3959,13.4881,13.3958,12.7202,13.3861,14.6802,14.3093,14.1363,12.6918,12.7202,13.0404,14.3996,12.4999,12.9378,13.7186,14.3032,12.8221,13.0424,14.0312,14.6261,13.6849,14.0782,14.3117,14.7225,13.7083,13.0430,13.0430,14.9584,13.0430,12.7305,13.3652,13.0430,14.0782,14.0141,14.5571,13.3652,12.7202,13.6667,13.4881,13.6770,13.7083,14.3039,14.6261,14.7448,13.3694,13.0430,12.4999,13.3959,13.0430,12.8228,13.0430,12.4999,13.9895,14.1426,14.3032,13.3622,12.4132,14.3798,15.5593,13.7186,13.7186,14.9179,15.4540,14.3032,13.7083,12.9723,14.8600,14.1309,13.0736,14.6802,13.9789,14.0000,14.3267,14.3039,12.6918,13.0424,13.7090,12.6502,13.9052,13.0430,15.4540,13.7083;
13.6094,12.9988,14.3474,13.6094,13.3217,12.9988,12.7786,13.8043,14.3474,13.3885,13.3217,13.2735,14.3474,15.1411,17.0000,15.3515,13.8166,12.9988,14.0252,13.1172,13.2735,13.8063,12.9988,13.1716,14.4481,15.2131,15.0401,12.4773,12.9988,12.8259,14.1676,12.7786,12.7233,14.1292,14.0246,13.1008,13.3210,13.8166,14.3474,13.4529,13.8462,14.0972,14.4905,13.4938,13.3217,13.3217,15.3515,13.3217,13.6343,13.6439,13.3217,13.8462,14.9179,14.9295,13.6439,12.9988,13.4521,13.2735,14.0875,13.4938,14.0252,14.3474,13.8411,14.2731,13.3217,12.7786,13.1172,13.3217,13.1014,13.3217,12.7786,13.7750,13.8899,14.0246,13.0835,12.8238,14.1011,15.2806,14.1292,14.1292,14.0141,14.5502,14.0246,13.4938,12.7578,15.2263,13.8522,13.4841,14.4481,14.8827,14.2786,14.6053,14.0252,12.4773,13.3210,13.4945,12.4356,13.6732,13.3217,14.5502,13.4938;
12.9161,12.3055,14.1648,12.9161,12.6284,12.3055,12.0853,13.6217,14.1648,12.6952,12.6284,13.0836,14.1648,14.9584,15.3515,17.0000,13.6268,12.3055,13.8426,12.9346,13.0836,13.6165,12.3055,12.9817,15.1414,14.5198,14.3467,12.2874,12.3055,12.6360,14.8609,12.0853,12.5334,13.9393,13.8419,12.4075,12.6277,13.6268,14.1648,14.1462,14.5395,13.9073,15.1838,13.3039,12.6284,12.6284,16.0448,12.6284,12.9410,12.9506,12.6284,14.5395,14.2246,14.8220,12.9506,12.3055,13.2622,13.0836,13.8976,13.3039,13.8426,14.1648,13.6585,13.5798,12.6284,12.0853,12.9346,12.6284,12.4081,12.6284,12.0853,13.5851,13.7824,13.8419,12.9009,12.6339,13.9185,15.0980,13.9393,13.9393,13.8315,14.3676,13.8419,13.3039,12.5679,15.1305,13.6696,13.2943,15.1414,14.1894,13.5853,13.9120,13.8426,12.2874,12.6277,13.3046,12.2457,14.3665,12.6284,14.3676,13.3039;
13.0481,13.0130,13.6937,13.0481,13.3358,13.0130,12.7927,13.1505,13.6937,12.8272,13.3358,15.5017,13.6937,14.0312,13.8166,13.6268,17.0000,13.0130,13.3715,12.9995,15.5017,15.4094,13.0130,15.3998,13.8844,14.0267,13.8537,14.1789,13.0130,13.3911,14.1650,12.7927,13.2885,15.7323,13.3708,13.1149,13.3351,16.0448,13.6937,13.4502,13.8435,15.7643,14.4878,15.7220,13.3358,13.3358,13.6268,13.3358,13.0233,13.6580,13.3358,13.8435,14.3069,13.2197,13.6580,13.0130,15.1193,15.5017,15.1296,15.7220,13.3715,13.6937,14.3484,13.6621,13.3358,12.7927,12.9995,13.3358,13.1156,13.3358,12.7927,15.4421,13.9165,13.3708,12.3903,13.3393,13.4473,13.5456,15.7323,15.7323,14.5214,13.9763,13.3708,15.7220,13.8984,13.5210,13.1984,15.0872,13.8844,13.6963,14.2927,14.6194,13.3715,14.1789,13.3351,15.7226,13.5762,13.6705,13.3358,13.9763,15.7220;
15.4343,16.0448,13.0194,15.4343,15.7220,16.0448,15.8246,13.1220,13.0194,15.2147,15.7220,13.1156,13.0194,12.7202,12.9988,12.3055,13.0130,17.0000,13.3416,14.2496,13.1156,13.0233,16.0448,13.6580,13.2089,13.8456,13.6726,14.8789,16.0448,14.6508,12.9284,15.8246,15.1939,12.7004,13.3422,15.5024,15.7226,13.0130,13.0194,12.8565,13.2498,13.2935,12.6056,13.3358,15.7220,15.7220,12.3055,15.7220,15.4094,15.3998,15.7220,13.2498,14.1258,12.5279,15.3998,16.0448,13.9385,13.1156,13.3031,13.3358,13.3416,13.0194,13.6741,14.7706,15.7220,15.8246,14.2496,15.7220,15.5017,15.7220,15.8246,13.6157,13.2214,13.3422,14.2833,14.5990,13.4141,12.2346,12.7004,12.7004,13.8471,13.3110,13.3422,13.3358,15.1594,12.1803,13.1685,13.3455,13.2089,14.1610,14.7651,14.4384,13.3416,14.8789,15.7226,13.3351,15.4816,13.0768,15.7220,13.3110,13.3358;
13.3767,13.3416,15.7226,13.3767,13.6644,13.3416,13.1213,15.1795,15.7226,12.5114,13.6644,12.8284,15.7226,14.3039,14.0252,13.8426,13.3715,13.3416,17.0000,15.1368,12.8284,13.3612,13.3416,13.3708,12.9392,14.3360,14.1630,12.6688,13.3416,13.0864,12.6587,13.1213,12.9838,13.6840,15.3998,12.7991,13.0194,13.3715,15.7226,11.9440,12.3373,13.6520,12.9816,13.0486,13.6644,13.6644,13.8426,13.6644,13.9770,13.3422,13.6644,12.3373,14.6162,14.0856,13.3422,13.3416,13.6513,12.8284,14.2867,13.0486,16.0448,15.7226,14.7218,13.9791,13.6644,13.1213,15.1368,13.6644,13.4442,13.6644,13.1213,13.9742,12.9770,15.3998,14.5277,14.1542,14.9819,14.4434,13.6840,13.6840,14.8949,13.7131,15.3998,13.0486,12.9493,13.7442,15.8718,13.6834,12.9392,14.0056,13.9846,14.3037,16.0448,12.6688,13.0194,13.6937,13.2715,12.1642,13.6644,13.7131,13.0486;
14.2847,14.2496,14.8146,14.2847,14.5724,14.2496,14.0293,14.2715,14.8146,13.4194,14.5724,12.4563,14.8146,13.3959,13.1172,12.9346,12.9995,14.2496,15.1368,17.0000,12.4563,12.9891,14.2496,12.9988,12.5672,13.9640,13.7910,13.5768,14.2496,13.9944,12.2867,14.0293,13.8918,13.3120,14.4918,13.7071,13.9274,12.9995,14.8146,11.5719,11.9652,13.2800,12.6095,12.6766,14.5724,14.5724,12.9346,14.5724,14.8850,14.2502,14.5724,11.9652,14.2442,13.1776,14.2502,14.2496,13.2793,12.4563,13.9147,12.6766,15.1368,14.8146,14.3498,14.2461,14.5724,14.0293,16.0448,14.5724,14.3522,14.5724,14.0293,13.6022,13.2461,14.4918,15.4357,15.0622,14.7149,13.5354,13.3120,13.3120,14.5229,13.3410,14.4918,12.6766,13.8573,12.8362,14.9638,13.3113,12.5672,13.6336,13.6126,13.9316,15.1368,13.5768,13.9274,13.3216,14.1795,11.7922,14.5724,13.3410,12.6766;
12.5050,13.1156,13.1505,12.5050,12.7927,13.1156,13.3358,13.6937,13.1505,13.3703,12.7927,16.0448,13.1505,13.4881,13.2735,13.0836,15.5017,13.1156,12.8284,12.4563,17.0000,15.5120,13.1156,15.5024,13.9870,13.4836,13.3105,14.2815,13.1156,13.2885,14.2676,13.3358,13.3911,15.1892,13.4734,13.6580,13.4377,15.5017,13.1505,13.9934,13.9461,15.2212,13.9447,15.8246,12.7927,12.7927,13.0836,12.7927,12.4801,13.1149,12.7927,13.9461,13.7638,12.6765,13.1149,13.1156,15.2219,16.0448,14.5864,15.8246,12.8284,13.1505,13.8053,13.1190,12.7927,13.3358,12.4563,12.7927,13.0130,12.7927,13.3358,14.8990,13.3734,13.4734,11.8472,12.7962,12.9042,13.0025,15.1892,15.1892,13.9783,14.0789,13.4734,15.8246,14.0010,12.9778,12.6553,15.1898,13.9870,13.7989,14.3953,14.0763,12.8284,14.2815,13.4377,15.1795,13.6788,13.7731,12.7927,14.0789,15.8246;
12.4127,13.0233,13.6834,12.4127,12.7004,13.0233,12.8030,13.7860,13.6834,12.8375,12.7004,15.5120,13.6834,13.3958,13.8063,13.6165,15.4094,13.0233,13.3612,12.9891,15.5120,17.0000,13.0233,15.4101,13.8947,14.0164,13.8434,14.1892,13.0233,12.7557,14.1753,12.8030,13.2988,15.7220,14.0062,13.1252,13.3455,15.4094,13.6834,13.4606,13.8539,15.1289,13.8524,15.7323,12.7004,12.7004,13.6165,12.7004,13.0130,13.0226,12.7004,13.8539,14.2966,13.2094,13.0226,13.0233,15.1296,15.5120,15.1193,15.7323,13.3612,13.6834,13.7130,13.6518,12.7004,12.8030,12.9891,12.7004,12.4801,12.7004,12.8030,14.8067,13.2811,14.0062,12.3800,13.3290,13.4370,13.5353,15.7220,15.7220,13.8860,13.9866,14.0062,15.7323,13.9087,13.5107,13.1881,15.7226,13.8947,14.3317,14.3030,13.9840,13.3612,14.1892,13.3455,15.0872,13.5865,13.6808,12.7004,13.9866,15.7323;
15.4343,16.0448,13.0194,15.4343,15.7220,16.0448,15.8246,13.1220,13.0194,15.2147,15.7220,13.1156,13.0194,12.7202,12.9988,12.3055,13.0130,16.0448,13.3416,14.2496,13.1156,13.0233,17.0000,13.6580,13.2089,13.8456,13.6726,14.8789,16.0448,14.6508,12.9284,15.8246,15.1939,12.7004,13.3422,15.5024,15.7226,13.0130,13.0194,12.8565,13.2498,13.2935,12.6056,13.3358,15.7220,15.7220,12.3055,15.7220,15.4094,15.3998,15.7220,13.2498,14.1258,12.5279,15.3998,16.0448,13.9385,13.1156,13.3031,13.3358,13.3416,13.0194,13.6741,14.7706,15.7220,15.8246,14.2496,15.7220,15.5017,15.7220,15.8246,13.6157,13.2214,13.3422,14.2833,14.5990,13.4141,12.2346,12.7004,12.7004,13.8471,13.3110,13.3422,13.3358,15.1594,12.1803,13.1685,13.3455,13.2089,14.1610,14.7651,14.4384,13.3416,14.8789,15.7226,13.3351,15.4816,13.0768,15.7220,13.3110,13.3358;
13.0475,13.6580,13.0486,13.0475,13.3351,13.6580,13.4377,13.1512,13.0486,12.8279,13.3351,15.5024,13.0486,13.3861,13.1716,12.9817,15.3998,13.6580,13.3708,12.9988,15.5024,15.4101,13.6580,17.0000,13.8851,13.3816,13.2086,14.1796,13.6580,13.3904,14.1656,13.4377,13.9336,15.0872,13.3715,13.1156,13.3358,15.3998,13.0486,13.4509,13.8442,15.1193,13.8428,15.7226,13.3351,13.3351,12.9817,13.3351,13.0226,13.0130,13.3351,13.8442,13.6618,13.2190,13.0130,13.6580,15.7643,15.5024,15.1289,15.7226,13.3708,13.0486,13.7033,13.6615,13.3351,13.4377,12.9988,13.3351,13.1149,13.3351,13.4377,15.4415,13.2715,13.3715,12.3897,13.3386,12.8023,12.9006,15.0872,15.0872,13.8764,13.9770,13.3715,15.7226,13.8991,12.8759,13.1978,15.7323,13.8851,13.6970,14.9378,13.9744,13.3708,14.1796,13.3358,15.7220,14.2213,13.6712,13.3351,13.9770,15.7226;
13.1738,13.2089,13.2614,13.1738,12.8861,13.2089,12.9887,13.3640,13.2614,13.5986,12.8861,13.9870,13.2614,14.6802,14.4481,15.1414,13.8844,13.2089,12.9392,12.5672,13.9870,13.8947,13.2089,13.8851,17.0000,14.1524,13.9793,13.1908,13.2089,12.8937,15.7643,12.9887,13.4368,13.5719,13.5843,13.3109,13.5311,13.8844,13.2614,15.0496,15.4429,14.1650,15.4415,14.2073,12.8861,12.8861,15.1414,12.8861,12.5735,13.2083,12.8861,15.4429,13.8572,13.9186,13.2083,13.2089,14.1656,13.9870,13.5302,14.2073,12.9392,13.2614,13.9161,13.2124,12.8861,12.9887,12.5672,12.8861,12.6658,12.8861,12.9887,13.8428,14.0400,13.5843,12.5335,12.2665,13.0151,14.1946,13.5719,13.5719,14.0892,15.2710,13.5843,14.2073,13.4713,14.2271,12.7662,13.5726,16.0448,14.4677,14.4887,14.1697,12.9392,13.1908,13.5311,13.5622,13.1491,15.2699,12.8861,15.2710,14.2073;
14.4562,13.8456,14.6582,14.4562,14.1685,13.8456,13.6254,14.1151,14.6582,14.2353,14.1685,13.4836,14.6582,14.3093,15.2131,14.5198,14.0267,13.8456,14.3360,13.9640,13.4836,14.0164,13.8456,13.3816,14.1524,17.0000,16.8270,13.3240,13.8456,13.6727,13.8718,13.6254,13.5701,14.3393,14.3354,13.9476,14.1678,14.0267,14.6582,13.1571,13.5504,14.3072,14.1947,13.7038,14.1685,14.1685,14.5198,14.1685,14.4810,14.4907,14.1685,13.5504,15.7647,14.0978,14.4907,13.8456,13.6622,13.4836,14.2976,13.7038,14.3360,14.6582,14.6878,14.4832,14.1685,13.6254,13.9640,14.1685,13.9482,14.1685,13.6254,13.9850,13.5941,14.3354,13.9303,13.6706,14.4119,14.4488,14.3393,14.3393,14.8609,14.2544,14.3354,13.7038,13.6046,14.3945,14.1630,13.6942,14.1524,15.7295,14.4887,15.4521,14.3360,13.3240,14.1678,13.7045,13.2824,13.3774,14.1685,14.2544,13.7038;
14.2831,13.6726,14.4852,14.2831,13.9954,13.6726,13.4523,13.9421,14.4852,14.0622,13.9954,13.3105,14.4852,14.1363,15.0401,14.3467,13.8537,13.6726,14.1630,13.7910,13.3105,13.8434,13.6726,13.2086,13.9793,16.8270,17.0000,13.1510,13.6726,13.4996,13.6988,13.4523,13.3970,14.1662,14.1623,13.7745,13.9948,13.8537,14.4852,13.3302,13.3774,14.1342,14.0217,13.5308,13.9954,13.9954,14.3467,13.9954,14.3080,14.3176,13.9954,13.3774,15.5916,13.9247,14.3176,13.6726,13.4891,13.3105,14.1245,13.5308,14.1630,14.4852,14.8609,14.3102,13.9954,13.4523,13.7910,13.9954,13.7752,13.9954,13.4523,13.8120,13.7672,14.1623,13.7572,13.4975,14.5849,14.6219,14.1662,14.1662,14.6878,14.0814,14.1623,13.5308,13.4315,14.2215,14.3360,13.5212,13.9793,15.5565,14.3156,15.2791,14.1630,13.1510,13.9948,13.5315,13.1093,13.5504,13.9954,14.0814,13.5308;
14.2683,14.8789,12.9910,14.2683,14.5560,14.8789,14.6586,13.0936,12.9910,14.6931,14.5560,14.2815,12.9910,12.6918,12.4773,12.2874,14.1789,14.8789,12.6688,13.5768,14.2815,14.1892,14.8789,14.1796,13.1908,13.3240,13.1510,17.0000,14.8789,14.6113,13.4713,14.6586,15.1544,13.8664,13.3139,14.9808,15.2011,14.1789,12.9910,13.3994,13.7927,13.8984,13.1484,14.5018,14.5560,14.5560,12.2874,14.5560,14.2435,14.8782,14.5560,13.7927,13.6042,11.8803,14.8782,14.8789,13.8991,14.2815,13.2637,14.5018,12.6688,12.9910,13.6457,13.6046,14.5560,14.6586,13.5768,14.5560,14.3358,14.5560,14.6586,13.5762,13.2182,13.3139,13.6105,14.5595,13.3857,12.2062,13.8664,13.8664,13.8188,13.2827,13.3139,14.5018,15.7643,12.1816,12.4958,13.8670,13.1908,13.6394,13.5991,13.9168,12.6688,16.0448,15.2011,13.8567,15.4421,13.6197,14.5560,13.2827,14.5018;
15.4343,16.0448,13.0194,15.4343,15.7220,16.0448,15.8246,13.1220,13.0194,15.2147,15.7220,13.1156,13.0194,12.7202,12.9988,12.3055,13.0130,16.0448,13.3416,14.2496,13.1156,13.0233,16.0448,13.6580,13.2089,13.8456,13.6726,14.8789,17.0000,14.6508,12.9284,15.8246,15.1939,12.7004,13.3422,15.5024,15.7226,13.0130,13.0194,12.8565,13.2498,13.2935,12.6056,13.3358,15.7220,15.7220,12.3055,15.7220,15.4094,15.3998,15.7220,13.2498,14.1258,12.5279,15.3998,16.0448,13.9385,13.1156,13.3031,13.3358,13.3416,13.0194,13.6741,14.7706,15.7220,15.8246,14.2496,15.7220,15.5017,15.7220,15.8246,13.6157,13.2214,13.3422,14.2833,14.5990,13.4141,12.2346,12.7004,12.7004,13.8471,13.3110,13.3422,13.3358,15.1594,12.1803,13.1685,13.3455,13.2089,14.1610,14.7651,14.4384,13.3416,14.8789,15.7226,13.3351,15.4816,13.0768,15.7220,13.3110,13.3358;
15.2613,14.6508,12.7643,15.2613,14.9736,14.6508,14.8710,12.6616,12.7643,14.8365,14.9736,13.2885,12.7643,13.0404,12.8259,12.6360,13.3911,14.6508,13.0864,13.9944,13.2885,12.7557,14.6508,13.3904,12.8937,13.6727,13.4996,14.6113,14.6508,17.0000,12.6132,14.8710,15.5017,13.0786,12.4414,14.5488,14.3286,13.3911,12.7643,12.9818,12.9346,13.6716,12.9360,13.0682,14.9736,14.9736,12.6360,14.9736,14.6611,14.6514,14.9736,12.9346,13.3775,12.8733,14.6514,14.6508,13.6710,13.2885,13.6813,13.0682,13.0864,12.7643,13.4190,14.0222,14.9736,14.8710,13.9944,14.9736,15.1939,14.9736,14.8710,13.9938,12.9914,12.4414,14.6036,14.9771,13.1589,12.5549,13.0786,13.0786,13.5920,12.9856,12.4414,13.0682,14.8918,12.5302,12.9134,13.0779,12.8937,13.3423,13.3710,13.6900,13.0864,14.6113,14.3286,13.7133,15.2140,12.7615,14.9736,12.9856,13.0682;
12.8933,12.9284,12.9809,12.8933,12.6056,12.9284,12.7082,13.0835,12.9809,13.3181,12.6056,14.2676,12.9809,14.3996,14.1676,14.8609,14.1650,12.9284,12.6587,12.2867,14.2676,14.1753,12.9284,14.1656,15.7643,13.8718,13.6988,13.4713,12.9284,12.6132,17.0000,12.7082,13.1563,13.8524,13.3037,13.0304,13.2506,14.1650,12.9809,15.3301,15.7234,13.8844,15.7220,14.4878,12.6056,12.6056,14.8609,12.6056,12.2930,12.9278,12.6056,15.7234,13.5766,13.6380,12.9278,12.9284,13.8851,14.2676,13.2497,14.4878,12.6587,12.9809,13.6356,12.9319,12.6056,12.7082,12.2867,12.6056,12.3853,12.6056,12.7082,13.5622,13.7595,13.3037,12.2529,11.9860,12.7346,13.9140,13.8524,13.8524,13.8086,14.9905,13.3037,14.4878,13.1908,13.9466,12.4856,13.8531,15.7643,14.1872,14.2082,13.8892,12.6587,13.4713,13.2506,13.8428,12.8686,15.5504,12.6056,14.9905,14.4878;
15.2140,15.8246,12.7991,15.2140,15.5017,15.8246,16.0448,13.3422,12.7991,15.4350,15.5017,13.3358,12.7991,12.4999,12.7786,12.0853,12.7927,15.8246,13.1213,14.0293,13.3358,12.8030,15.8246,13.4377,12.9887,13.6254,13.4523,14.6586,15.8246,14.8710,12.7082,17.0000,14.9736,12.4801,13.1220,15.7226,15.5024,12.7927,12.7991,13.0768,13.0296,13.0732,12.3853,13.1156,15.5017,15.5017,12.0853,15.5017,15.1892,15.1795,15.5017,13.0296,13.9055,12.3077,15.1795,15.8246,13.7183,13.3358,13.0829,13.1156,13.1213,12.7991,13.4538,14.5503,15.5017,16.0448,14.0293,15.5017,15.7220,15.5017,16.0448,13.3954,13.0012,13.1220,14.0630,14.3787,13.1938,12.0143,12.4801,12.4801,13.6269,13.0908,13.1220,13.1156,14.9391,11.9600,12.9483,13.1252,12.9887,13.9407,14.5448,14.2181,13.1213,14.6586,15.5024,13.1149,15.2613,12.8565,15.5017,13.0908,13.1156;
15.1587,15.1939,12.6616,15.1587,14.8710,15.1939,14.9736,12.7643,12.6616,14.9391,14.8710,13.3911,12.6616,12.9378,12.7233,12.5334,13.2885,15.1939,12.9838,13.8918,13.3911,13.2988,15.1939,13.9336,13.4368,13.5701,13.3970,15.1544,15.1939,15.5017,13.1563,14.9736,17.0000,12.9760,12.9845,14.6514,14.8717,13.2885,12.6616,13.0844,13.4777,13.5690,12.8334,13.6114,14.8710,14.8710,12.5334,14.8710,14.5585,14.5488,14.8710,13.4777,13.2749,12.7707,14.5488,15.1939,14.2141,13.3911,13.5787,13.6114,12.9838,12.6616,13.3164,13.9196,14.8710,14.9736,13.8918,14.8710,14.6508,14.8710,14.9736,13.8912,12.8888,12.9845,14.5010,14.8745,13.0563,12.4523,12.9760,12.9760,13.4894,13.5287,12.9845,13.6114,15.4350,12.4276,12.8108,13.6210,13.4368,13.8854,13.9141,13.5874,12.9838,15.1544,14.8717,13.6107,15.7571,13.3047,14.8710,13.5287,13.6114;
12.7356,12.7004,14.0062,12.7356,13.0233,12.7004,12.4801,13.4631,14.0062,12.5146,13.0233,15.1892,14.0062,13.7186,14.1292,13.9393,15.7323,12.7004,13.6840,13.3120,15.1892,15.7220,12.7004,15.0872,13.5719,14.3393,14.1662,13.8664,12.7004,13.0786,13.8524,12.4801,12.9760,17.0000,13.6834,12.8023,13.0226,15.7323,14.0062,13.1377,13.5310,15.4518,14.1753,15.4094,13.0233,13.0233,13.9393,13.0233,13.3358,13.3455,13.0233,13.5310,14.6194,13.5322,13.3455,12.7004,14.8067,15.1892,15.4421,15.4094,13.6840,14.0062,14.0358,13.9747,13.0233,12.4801,13.3120,13.0233,12.8030,13.0233,12.4801,15.1296,13.6040,13.6834,12.7029,13.6518,13.7599,13.8582,16.0448,16.0448,14.2089,13.6638,13.6834,15.4094,13.5858,13.8335,13.5110,15.3998,13.5719,14.0089,13.9802,14.3069,13.6840,13.8664,13.0226,15.4101,13.2637,13.3580,13.0233,13.6638,15.4094;
12.7317,13.3422,15.7220,12.7317,13.0194,13.3422,13.1220,15.8246,15.7220,13.1565,13.0194,13.4734,15.7220,14.3032,14.0246,13.8419,13.3708,13.3422,15.3998,14.4918,13.4734,14.0062,13.3422,13.3715,13.5843,14.3354,14.1623,13.3139,13.3422,12.4414,13.3037,13.1220,12.9845,13.6834,17.0000,13.4442,13.6644,13.3708,15.7220,12.5890,12.9823,13.6513,12.9809,13.6937,13.0194,13.0194,13.8419,13.0194,13.3319,13.3416,13.0194,12.9823,14.6155,13.4406,13.3416,13.3422,13.6520,13.4734,13.6417,13.6937,15.3998,15.7220,14.7212,13.3341,13.0194,13.1220,14.4918,13.0194,12.7991,13.0194,13.1220,13.3291,12.9764,16.0448,13.8827,13.5091,14.9812,14.4428,13.6834,13.6834,14.8942,14.3581,16.0448,13.6937,13.5944,13.7435,15.2267,13.6840,13.5843,14.6507,13.9853,14.3030,15.3998,13.3139,13.6644,13.0486,13.2722,12.8093,13.0194,14.3581,13.6937;
14.8918,15.5024,13.1213,14.8918,15.1795,15.5024,15.7226,13.6644,13.1213,15.7571,15.1795,13.6580,13.1213,12.8221,13.1008,12.4075,13.1149,15.5024,12.7991,13.7071,13.6580,13.1252,15.5024,13.1156,13.3109,13.9476,13.7745,14.9808,15.5024,14.5488,13.0304,15.7226,14.6514,12.8023,13.4442,17.0000,15.8246,13.1149,13.1213,13.3990,13.3518,13.3954,12.7075,13.4377,15.1795,15.1795,12.4075,15.1795,14.8670,15.5017,15.1795,13.3518,14.2277,11.9855,15.5017,15.5024,13.3961,13.6580,12.7607,13.4377,12.7991,13.1213,13.7760,14.2281,15.1795,15.7226,13.7071,15.1795,15.3998,15.1795,15.7226,13.0732,13.3234,13.4442,13.7408,14.0565,13.5160,12.3365,12.8023,12.8023,13.9491,13.4130,13.4442,13.4377,15.2613,12.2822,12.6261,12.8030,13.3109,14.2629,14.2226,14.5403,12.7991,14.9808,15.8246,12.7927,14.9391,13.1787,15.1795,13.4130,13.4377;
15.1121,15.7226,13.3416,15.1121,15.3998,15.7226,15.5024,13.4442,13.3416,15.5369,15.3998,13.4377,13.3416,13.0424,13.3210,12.6277,13.3351,15.7226,13.0194,13.9274,13.4377,13.3455,15.7226,13.3358,13.5311,14.1678,13.9948,15.2011,15.7226,14.3286,13.2506,15.5024,14.8717,13.0226,13.6644,15.8246,17.0000,13.3351,13.3416,13.1787,13.5720,13.6157,12.9278,13.6580,15.3998,15.3998,12.6277,15.3998,15.0872,15.7220,15.3998,13.5720,14.4480,12.2057,15.7220,15.7226,13.6163,13.4377,12.9809,13.6580,13.0194,13.3416,13.9963,14.4484,15.3998,15.5024,13.9274,15.3998,15.1795,15.3998,15.5024,13.2935,13.5436,13.6644,13.9611,14.2768,13.7363,12.5568,13.0226,13.0226,14.1693,13.6332,13.6644,13.6580,15.4816,12.5025,12.8463,13.0233,13.5311,14.4832,14.4429,14.7606,13.0194,15.2011,16.0448,13.0130,15.1594,13.3990,15.3998,13.6332,13.6580;
13.0481,13.0130,13.6937,13.0481,13.3358,13.0130,12.7927,13.1505,13.6937,12.8272,13.3358,15.5017,13.6937,14.0312,13.8166,13.6268,16.0448,13.0130,13.3715,12.9995,15.5017,15.4094,13.0130,15.3998,13.8844,14.0267,13.8537,14.1789,13.0130,13.3911,14.1650,12.7927,13.2885,15.7323,13.3708,13.1149,13.3351,17.0000,13.6937,13.4502,13.8435,15.7643,14.4878,15.7220,13.3358,13.3358,13.6268,13.3358,13.0233,13.6580,13.3358,13.8435,14.3069,13.2197,13.6580,13.0130,15.1193,15.5017,15.1296,15.7220,13.3715,13.6937,14.3484,13.6621,13.3358,12.7927,12.9995,13.3358,13.1156,13.3358,12.7927,15.4421,13.9165,13.3708,12.3903,13.3393,13.4473,13.5456,15.7323,15.7323,14.5214,13.9763,13.3708,15.7220,13.8984,13.5210,13.1984,15.0872,13.8844,13.6963,14.2927,14.6194,13.3715,14.1789,13.3351,15.7226,13.5762,13.6705,13.3358,13.9763,15.7220;
13.0545,13.0194,16.0448,13.0545,13.3422,13.0194,12.7991,15.5017,16.0448,12.8336,13.3422,13.1505,16.0448,14.6261,14.3474,14.1648,13.6937,13.0194,15.7226,14.8146,13.1505,13.6834,13.0194,13.0486,13.2614,14.6582,14.4852,12.9910,13.0194,12.7643,12.9809,12.7991,12.6616,14.0062,15.7220,13.1213,13.3416,13.6937,17.0000,12.2662,12.6595,13.9742,13.3037,13.3708,13.3422,13.3422,14.1648,13.3422,13.6548,13.6644,13.3422,12.6595,14.9384,13.7634,13.6644,13.0194,13.3291,13.1505,13.9646,13.3708,15.7226,16.0448,15.0440,13.6569,13.3422,12.7991,14.8146,13.3422,13.1220,13.3422,12.7991,13.6520,13.2992,15.7220,14.2055,13.8320,15.3041,14.7656,14.0062,14.0062,15.2171,14.0352,15.7220,13.3708,13.2715,14.0664,15.5496,13.3612,13.2614,14.3278,13.6624,14.6258,15.7226,12.9910,13.3416,13.3715,12.9493,12.4864,13.3422,14.0352,13.3708;
12.8214,12.8565,12.2662,12.8214,12.5337,12.8565,13.0768,12.8093,12.2662,13.6867,12.5337,13.9934,12.2662,13.6849,13.4529,14.1462,13.4502,12.8565,11.9440,11.5719,13.9934,13.4606,12.8565,13.4509,15.0496,13.1571,13.3302,13.3994,12.8565,12.9818,15.3301,13.0768,13.0844,13.1377,12.5890,13.3990,13.1787,13.4502,12.2662,17.0000,15.6515,13.1697,15.0073,13.7731,12.5337,12.5337,14.1462,12.5337,12.2211,12.8559,12.5337,15.6515,12.8619,12.9233,12.8559,12.8565,13.1704,13.9934,12.5350,13.7731,11.9440,12.2662,13.2670,12.8600,12.5337,13.0768,11.5719,12.5337,12.7539,12.5337,13.0768,12.8475,13.3909,12.5890,12.1811,11.9141,12.3659,13.5454,13.1377,13.1377,13.0939,14.2758,12.5890,13.7731,13.1189,13.2319,12.1170,13.1384,15.0496,13.4725,13.4935,13.1745,11.9440,13.3994,13.1787,13.1281,12.7967,15.8246,12.5337,14.2758,13.7731;
13.2147,13.2498,12.6595,13.2147,12.9270,13.2498,13.0296,12.7621,12.6595,13.6395,12.9270,13.9461,12.6595,14.0782,13.8462,14.5395,13.8435,13.2498,12.3373,11.9652,13.9461,13.8539,13.2498,13.8442,15.4429,13.5504,13.3774,13.7927,13.2498,12.9346,15.7234,13.0296,13.4777,13.5310,12.9823,13.3518,13.5720,13.8435,12.6595,15.6515,17.0000,13.5630,15.4006,14.1664,12.9270,12.9270,14.5395,12.9270,12.6144,13.2492,12.9270,16.0448,13.2552,13.3166,13.2492,13.2498,13.5637,13.9461,12.9283,14.1664,12.3373,12.6595,13.3142,13.2533,12.9270,13.0296,11.9652,12.9270,12.7067,12.9270,13.0296,13.2408,13.4381,12.9823,12.5744,12.3074,12.4131,13.5926,13.5310,13.5310,13.4872,14.6691,12.9823,14.1664,13.5122,13.6252,12.1642,13.5317,15.4429,13.8658,13.8868,13.5678,12.3373,13.7927,13.5720,13.5214,13.1900,15.8718,12.9270,14.6691,14.1664;
13.3286,13.2935,13.9742,13.3286,13.6163,13.2935,13.0732,13.4311,13.9742,13.1077,13.6163,15.2212,13.9742,14.3117,14.0972,13.9073,15.7643,13.2935,13.6520,13.2800,15.2212,15.1289,13.2935,15.1193,14.1650,14.3072,14.1342,13.8984,13.2935,13.6716,13.8844,13.0732,13.5690,15.4518,13.6513,13.3954,13.6157,15.7643,13.9742,13.1697,13.5630,17.0000,14.2073,15.4415,13.6163,13.6163,13.9073,13.6163,13.3038,13.9385,13.6163,13.5630,14.5874,13.5002,13.9385,13.2935,15.3998,15.2212,15.4101,15.4415,13.6520,13.9742,14.6289,13.9427,13.6163,13.0732,13.2800,13.6163,13.3961,13.6163,13.0732,15.7226,14.1971,13.6513,12.6709,13.6198,13.7279,13.8261,15.4518,15.4518,14.8020,14.2568,13.6513,15.4415,14.1789,13.8015,13.4790,14.8067,14.1650,13.9768,14.5733,14.9000,13.6520,13.8984,13.6157,15.4421,13.8567,13.3900,13.6163,14.2568,15.4415;
13.2161,12.6056,13.3037,13.2161,12.9284,12.6056,12.3853,12.7606,13.3037,12.9952,12.9284,13.9447,13.3037,14.7225,14.4905,15.1838,14.4878,12.6056,12.9816,12.6095,13.9447,13.8524,12.6056,13.8428,15.4415,14.1947,14.0217,13.1484,12.6056,12.9360,15.7220,12.3853,12.8334,14.1753,12.9809,12.7075,12.9278,14.4878,13.3037,15.0073,15.4006,14.2073,17.0000,14.1650,12.9284,12.9284,15.1838,12.9284,12.6159,13.2506,12.9284,15.4006,13.8995,13.9609,13.2506,12.6056,13.5622,13.9447,13.5726,14.1650,12.9816,13.3037,13.9585,13.2547,12.9284,12.3853,12.6095,12.9284,12.7082,12.9284,12.3853,13.8851,14.0824,12.9809,12.5758,12.3088,13.0574,14.2369,14.1753,14.1753,14.1315,14.6676,12.9809,14.1650,12.8679,14.2695,12.8085,13.5302,15.4415,13.8643,13.8853,14.2120,12.9816,13.1484,12.9278,14.1656,12.5457,15.2275,12.9284,14.6676,14.1650;
12.7253,13.3358,13.3708,12.7253,13.0130,13.3358,13.1156,13.4734,13.3708,13.1501,13.0130,15.8246,13.3708,13.7083,13.4938,13.3039,15.7220,13.3358,13.0486,12.6766,15.8246,15.7323,13.3358,15.7226,14.2073,13.7038,13.5308,14.5018,13.3358,13.0682,14.4878,13.1156,13.6114,15.4094,13.6937,13.4377,13.6580,15.7220,13.3708,13.7731,14.1664,15.4415,14.1650,17.0000,13.0130,13.0130,13.3039,13.0130,12.7004,13.3351,13.0130,14.1664,13.9840,12.8968,13.3351,13.3358,15.4421,15.8246,14.8067,16.0448,13.0486,13.3708,14.0255,13.3393,13.0130,13.1156,12.6766,13.0130,12.7927,13.0130,13.1156,15.1193,13.5937,13.6937,12.0675,13.0164,13.1245,13.2227,15.4094,15.4094,14.1986,14.2992,13.6937,16.0448,14.2213,13.1981,12.8756,15.4101,14.2073,14.0192,14.6156,14.2966,13.0486,14.5018,13.6580,15.3998,13.8991,13.9934,13.0130,14.2992,16.0448;
15.7571,15.7220,13.3422,15.7571,16.0448,15.7220,15.5017,12.7991,13.3422,14.8918,16.0448,12.7927,13.3422,13.0430,13.3217,12.6284,13.3358,15.7220,13.6644,14.5724,12.7927,12.7004,15.7220,13.3351,12.8861,14.1685,13.9954,14.5560,15.7220,14.9736,12.6056,15.5017,14.8710,13.0233,13.0194,15.1795,15.3998,13.3358,13.3422,12.5337,12.9270,13.6163,12.9284,13.0130,17.0000,16.0448,12.6284,16.0448,15.7323,15.7226,16.0448,12.9270,14.4487,12.8508,15.7226,15.7220,13.6157,12.7927,13.6260,13.0130,13.6644,13.3422,13.9970,15.0934,16.0448,15.5017,14.5724,16.0448,15.8246,16.0448,15.5017,13.9385,13.5443,13.0194,14.6061,14.9218,13.7369,12.5574,13.0233,13.0233,14.1700,12.9882,13.0194,13.0130,14.8365,12.5032,13.4914,13.0226,12.8861,13.8381,14.4422,14.7612,13.6644,14.5560,15.3998,13.6580,15.1587,12.7539,16.0448,12.9882,13.0130;
15.7571,15.7220,13.3422,15.7571,16.0448,15.7220,15.5017,12.7991,13.3422,14.8918,16.0448,12.7927,13.3422,13.0430,13.3217,12.6284,13.3358,15.7220,13.6644,14.5724,12.7927,12.7004,15.7220,13.3351,12.8861,14.1685,13.9954,14.5560,15.7220,14.9736,12.6056,15.5017,14.8710,13.0233,13.0194,15.1795,15.3998,13.3358,13.3422,12.5337,12.9270,13.6163,12.9284,13.0130,16.0448,17.0000,12.6284,16.0448,15.7323,15.7226,16.0448,12.9270,14.4487,12.8508,15.7226,15.7220,13.6157,12.7927,13.6260,13.0130,13.6644,13.3422,13.9970,15.0934,16.0448,15.5017,14.5724,16.0448,15.8246,16.0448,15.5017,13.9385,13.5443,13.0194,14.6061,14.9218,13.7369,12.5574,13.0233,13.0233,14.1700,12.9882,13.0194,13.0130,14.8365,12.5032,13.4914,13.0226,12.8861,13.8381,14.4422,14.7612,13.6644,14.5560,15.3998,13.6580,15.1587,12.7539,16.0448,12.9882,13.0130;
12.9161,12.3055,14.1648,12.9161,12.6284,12.3055,12.0853,13.6217,14.1648,12.6952,12.6284,13.0836,14.1648,14.9584,15.3515,16.0448,13.6268,12.3055,13.8426,12.9346,13.0836,13.6165,12.3055,12.9817,15.1414,14.5198,14.3467,12.2874,12.3055,12.6360,14.8609,12.0853,12.5334,13.9393,13.8419,12.4075,12.6277,13.6268,14.1648,14.1462,14.5395,13.9073,15.1838,13.3039,12.6284,12.6284,17.0000,12.6284,12.9410,12.9506,12.6284,14.5395,14.2246,14.8220,12.9506,12.3055,13.2622,13.0836,13.8976,13.3039,13.8426,14.1648,13.6585,13.5798,12.6284,12.0853,12.9346,12.6284,12.4081,12.6284,12.0853,13.5851,13.7824,13.8419,12.9009,12.6339,13.9185,15.0980,13.9393,13.9393,13.8315,14.3676,13.8419,13.3039,12.5679,15.1305,13.6696,13.2943,15.1414,14.1894,13.5853,13.9120,13.8426,12.2874,12.6277,13.3046,12.2457,14.3665,12.6284,14.3676,13.3039;
15.7571,15.7220,13.3422,15.7571,16.0448,15.7220,15.5017,12.7991,13.3422,14.8918,16.0448,12.7927,13.3422,13.0430,13.3217,12.6284,13.3358,15.7220,13.6644,14.5724,12.7927,12.7004,15.7220,13.3351,12.8861,14.1685,13.9954,14.5560,15.7220,14.9736,12.6056,15.5017,14.8710,13.0233,13.0194,15.1795,15.3998,13.3358,13.3422,12.5337,12.9270,13.6163,12.9284,13.0130,16.0448,16.0448,12.6284,17.0000,15.7323,15.7226,16.0448,12.9270,14.4487,12.8508,15.7226,15.7220,13.6157,12.7927,13.6260,13.0130,13.6644,13.3422,13.9970,15.0934,16.0448,15.5017,14.5724,16.0448,15.8246,16.0448,15.5017,13.9385,13.5443,13.0194,14.6061,14.9218,13.7369,12.5574,13.0233,13.0233,14.1700,12.9882,13.0194,13.0130,14.8365,12.5032,13.4914,13.0226,12.8861,13.8381,14.4422,14.7612,13.6644,14.5560,15.3998,13.6580,15.1587,12.7539,16.0448,12.9882,13.0130;
15.4446,15.4094,13.6548,15.4446,15.7323,15.4094,15.1892,13.1117,13.6548,14.5793,15.7323,12.4801,13.6548,12.7305,13.6343,12.9410,13.0233,15.4094,13.9770,14.8850,12.4801,13.0130,15.4094,13.0226,12.5735,14.4810,14.3080,14.2435,15.4094,14.6611,12.2930,15.1892,14.5585,13.3358,13.3319,14.8670,15.0872,13.0233,13.6548,12.2211,12.6144,13.3038,12.6159,12.7004,15.7323,15.7323,12.9410,15.7323,17.0000,15.4101,15.7323,12.6144,14.7612,13.1633,15.4101,15.4094,13.3031,12.4801,13.9385,12.7004,13.9770,13.6548,13.6844,15.4060,15.7323,15.1892,14.8850,15.7323,15.5120,15.7323,15.1892,13.6260,13.2317,13.3319,14.9187,15.2344,14.0495,12.8700,13.3358,13.3358,13.8574,12.6756,13.3319,12.7004,14.5240,12.8157,13.8039,13.3351,12.5735,14.1507,14.1296,14.4487,13.9770,14.2435,15.0872,13.3455,14.8462,12.4414,15.7323,12.6756,12.7004;
