SimGraph=[
15.7721,15.7902,15.7160,15.7721,15.7943,15.7902,15.7313,15.6531,15.7160,15.7139,15.7943,15.6763,15.7160,15.7004,15.7041,15.6419,15.7392,15.7902,15.7113,15.7302,15.6763,15.7237,15.7902,15.7304,15.6817,15.8509,15.7524,15.7589,15.7902,15.7036,15.6552,15.7313,15.7584,15.7277,15.7120,15.7361,15.7950,15.7392,15.7160,15.4923,15.6497,15.7657,15.6593,15.7352,15.7943,15.7943,15.6419,15.7943,15.7827,15.7990,15.7943,15.6497,15.8064,15.4045,15.7990,15.7902,15.7569,15.6763,15.7495,15.7352,15.7113,15.7160,15.7042,15.7810,15.7943,15.7313,15.7302,15.7943,15.7354,15.7943,15.7313,15.7610,15.3705,15.7120,15.7025,15.7304,15.6541,15.5904,15.7277,15.7277,15.8027,15.7286,15.7120,15.7352,15.7854,15.2476,15.6128,15.7189,15.6817,15.7802,15.8011,15.8179,15.7113,15.7589,15.7950,15.7345,15.7806,15.5512,15.7943,15.7286,15.7352;
15.7902,15.8095,15.7352,15.7902,15.8135,15.8095,15.7506,15.6723,15.7352,15.7321,15.8135,15.6955,15.7352,15.7185,15.7222,15.6601,15.7585,15.8095,15.7305,15.7494,15.6955,15.7429,15.8095,15.7497,15.6999,15.8690,15.7705,15.7781,15.8095,15.7217,15.6734,15.7506,15.7766,15.7469,15.7312,15.7553,15.8142,15.7585,15.7352,15.5105,15.6679,15.7850,15.6774,15.7544,15.8135,15.8135,15.6601,15.8135,15.8019,15.8182,15.8135,15.6679,15.8256,15.4226,15.8182,15.8095,15.7762,15.6955,15.7687,15.7544,15.7305,15.7352,15.7234,15.8002,15.8135,15.7506,15.7494,15.8135,15.7546,15.8135,15.7506,15.7802,15.3897,15.7312,15.7206,15.7496,15.6733,15.6085,15.7469,15.7469,15.8219,15.7468,15.7312,15.7544,15.8046,15.2657,15.6320,15.7381,15.6999,15.7983,15.8203,15.8371,15.7305,15.7781,15.8142,15.7537,15.7999,15.5694,15.8135,15.7468,15.7544;
15.7160,15.7352,15.6678,15.7160,15.7393,15.7352,15.6763,15.6048,15.6678,15.6579,15.7393,15.6219,15.6678,15.6472,15.6507,15.5905,15.6849,15.7352,15.6630,15.6797,15.6219,15.6696,15.7352,15.6760,15.6279,15.7954,15.6969,15.7043,15.7352,15.6478,15.6014,15.6763,15.7027,15.6736,15.6637,15.6812,15.7401,15.6849,15.6678,15.4384,15.5958,15.7114,15.6054,15.6808,15.7393,15.7393,15.5905,15.7393,15.7280,15.7441,15.7393,15.5958,15.7520,15.3590,15.7441,15.7352,15.7025,15.6219,15.6953,15.6808,15.6630,15.6678,15.6500,15.7264,15.7393,15.6763,15.6797,15.7393,15.6804,15.7393,15.6763,15.7066,15.3237,15.6637,15.6508,15.6796,15.6021,15.5375,15.6736,15.6736,15.7485,15.6734,15.6637,15.6808,15.7308,15.2053,15.5645,15.6648,15.6279,15.7247,15.7464,15.7633,15.6630,15.7043,15.7401,15.6801,15.7260,15.4973,15.7393,15.6734,15.6808;
15.7721,15.7902,15.7160,15.7721,15.7943,15.7902,15.7313,15.6531,15.7160,15.7139,15.7943,15.6763,15.7160,15.7004,15.7041,15.6419,15.7392,15.7902,15.7113,15.7302,15.6763,15.7237,15.7902,15.7304,15.6817,15.8509,15.7524,15.7589,15.7902,15.7036,15.6552,15.7313,15.7584,15.7277,15.7120,15.7361,15.7950,15.7392,15.7160,15.4923,15.6497,15.7657,15.6593,15.7352,15.7943,15.7943,15.6419,15.7943,15.7827,15.7990,15.7943,15.6497,15.8064,15.4045,15.7990,15.7902,15.7569,15.6763,15.7495,15.7352,15.7113,15.7160,15.7042,15.7810,15.7943,15.7313,15.7302,15.7943,15.7354,15.7943,15.7313,15.7610,15.3705,15.7120,15.7025,15.7304,15.6541,15.5904,15.7277,15.7277,15.8027,15.7286,15.7120,15.7352,15.7854,15.2476,15.6128,15.7189,15.6817,15.7802,15.8011,15.8179,15.7113,15.7589,15.7950,15.7345,15.7806,15.5512,15.7943,15.7286,15.7352;
15.7943,15.8135,15.7393,15.7943,15.8175,15.8135,15.7546,15.6763,15.7393,15.7361,15.8175,15.6996,15.7393,15.7226,15.7263,15.6641,15.7625,15.8135,15.7345,15.7535,15.6996,15.7469,15.8135,15.7537,15.7039,15.8731,15.7746,15.7822,15.8135,15.7258,15.6774,15.7546,15.7806,15.7510,15.7352,15.7593,15.8182,15.7625,15.7393,15.5145,15.6719,15.7890,15.6815,15.7585,15.8175,15.8175,15.6641,15.8175,15.8060,15.8223,15.8175,15.6719,15.8297,15.4267,15.8223,15.8135,15.7802,15.6996,15.7727,15.7585,15.7345,15.7393,15.7275,15.8043,15.8175,15.7546,15.7535,15.8175,15.7586,15.8175,15.7546,15.7842,15.3938,15.7352,15.7247,15.7536,15.6773,15.6126,15.7510,15.7510,15.8259,15.7508,15.7352,15.7585,15.8087,15.2698,15.6361,15.7422,15.7039,15.8023,15.8244,15.8412,15.7345,15.7822,15.8182,15.7577,15.8039,15.5734,15.8175,15.7508,15.7585;
15.7902,15.8095,15.7352,15.7902,15.8135,15.8095,15.7506,15.6723,15.7352,15.7321,15.8135,15.6955,15.7352,15.7185,15.7222,15.6601,15.7585,15.8095,15.7305,15.7494,15.6955,15.7429,15.8095,15.7497,15.6999,15.8690,15.7705,15.7781,15.8095,15.7217,15.6734,15.7506,15.7766,15.7469,15.7312,15.7553,15.8142,15.7585,15.7352,15.5105,15.6679,15.7850,15.6774,15.7544,15.8135,15.8135,15.6601,15.8135,15.8019,15.8182,15.8135,15.6679,15.8256,15.4226,15.8182,15.8095,15.7762,15.6955,15.7687,15.7544,15.7305,15.7352,15.7234,15.8002,15.8135,15.7506,15.7494,15.8135,15.7546,15.8135,15.7506,15.7802,15.3897,15.7312,15.7206,15.7496,15.6733,15.6085,15.7469,15.7469,15.8219,15.7468,15.7312,15.7544,15.8046,15.2657,15.6320,15.7381,15.6999,15.7983,15.8203,15.8371,15.7305,15.7781,15.8142,15.7537,15.7999,15.5694,15.8135,15.7468,15.7544;
15.7313,15.7506,15.6763,15.7313,15.7546,15.7506,15.6983,15.6201,15.6763,15.6798,15.7546,15.6433,15.6763,15.6596,15.6633,15.6012,15.6996,15.7506,15.6716,15.6905,15.6433,15.6840,15.7506,15.6908,15.6410,15.8101,15.7116,15.7192,15.7506,15.6695,15.6145,15.6983,15.7177,15.6880,15.6723,15.7031,15.7553,15.6996,15.6763,15.4583,15.6090,15.7261,15.6185,15.6955,15.7546,15.7546,15.6012,15.7546,15.7430,15.7593,15.7546,15.6090,15.7667,15.3637,15.7593,15.7506,15.7173,15.6433,15.7098,15.6955,15.6716,15.6763,15.6645,15.7413,15.7546,15.6983,15.6905,15.7546,15.7024,15.7546,15.6983,15.7213,15.3308,15.6723,15.6617,15.6907,15.6144,15.5496,15.6880,15.6880,15.7630,15.6879,15.6723,15.6955,15.7457,15.2068,15.5731,15.6792,15.6410,15.7394,15.7614,15.7782,15.6716,15.7192,15.7553,15.6948,15.7410,15.5105,15.7546,15.6879,15.6955;
15.6531,15.6723,15.6048,15.6531,15.6763,15.6723,15.6201,15.5486,15.6048,15.6017,15.6763,15.5657,15.6048,15.5842,15.5877,15.5275,15.6219,15.6723,15.6000,15.6167,15.5657,15.6067,15.6723,15.6131,15.5650,15.7324,15.6340,15.6414,15.6723,15.5916,15.5385,15.6201,15.6398,15.6107,15.6008,15.6249,15.6771,15.6219,15.6048,15.3822,15.5329,15.6484,15.5425,15.6179,15.6763,15.6763,15.5275,15.6763,15.6651,15.6812,15.6763,15.5329,15.6890,15.2960,15.6812,15.6723,15.6396,15.5657,15.6324,15.6179,15.6000,15.6048,15.5871,15.6635,15.6763,15.6201,15.6167,15.6763,15.6241,15.6763,15.6201,15.6436,15.2608,15.6008,15.5879,15.6166,15.5392,15.4745,15.6107,15.6107,15.6855,15.6105,15.6008,15.6179,15.6679,15.1423,15.5015,15.6018,15.5650,15.6618,15.6835,15.7003,15.6000,15.6414,15.6771,15.6171,15.6630,15.4344,15.6763,15.6105,15.6179;
15.7160,15.7352,15.6678,15.7160,15.7393,15.7352,15.6763,15.6048,15.6678,15.6579,15.7393,15.6219,15.6678,15.6472,15.6507,15.5905,15.6849,15.7352,15.6630,15.6797,15.6219,15.6696,15.7352,15.6760,15.6279,15.7954,15.6969,15.7043,15.7352,15.6478,15.6014,15.6763,15.7027,15.6736,15.6637,15.6812,15.7401,15.6849,15.6678,15.4384,15.5958,15.7114,15.6054,15.6808,15.7393,15.7393,15.5905,15.7393,15.7280,15.7441,15.7393,15.5958,15.7520,15.3590,15.7441,15.7352,15.7025,15.6219,15.6953,15.6808,15.6630,15.6678,15.6500,15.7264,15.7393,15.6763,15.6797,15.7393,15.6804,15.7393,15.6763,15.7066,15.3237,15.6637,15.6508,15.6796,15.6021,15.5375,15.6736,15.6736,15.7485,15.6734,15.6637,15.6808,15.7308,15.2053,15.5645,15.6648,15.6279,15.7247,15.7464,15.7633,15.6630,15.7043,15.7401,15.6801,15.7260,15.4973,15.7393,15.6734,15.6808;
15.7139,15.7321,15.6579,15.7139,15.7361,15.7321,15.6798,15.6017,15.6579,15.6625,15.7361,15.6249,15.6579,15.6422,15.6459,15.5838,15.6811,15.7321,15.6531,15.6720,15.6249,15.6656,15.7321,15.6723,15.6236,15.7927,15.6943,15.7008,15.7321,15.6521,15.5971,15.6798,15.7003,15.6696,15.6539,15.6847,15.7369,15.6811,15.6579,15.4409,15.5916,15.7076,15.6011,15.6771,15.7361,15.7361,15.5838,15.7361,15.7245,15.7409,15.7361,15.5916,15.7482,15.3463,15.7409,15.7321,15.6988,15.6249,15.6913,15.6771,15.6531,15.6579,15.6461,15.7228,15.7361,15.6798,15.6720,15.7361,15.6839,15.7361,15.6798,15.7028,15.3124,15.6539,15.6443,15.6722,15.5959,15.5322,15.6696,15.6696,15.7445,15.6705,15.6539,15.6771,15.7273,15.1895,15.5546,15.6607,15.6236,15.7220,15.7429,15.7598,15.6531,15.7008,15.7369,15.6763,15.7225,15.4931,15.7361,15.6705,15.6771;
15.7943,15.8135,15.7393,15.7943,15.8175,15.8135,15.7546,15.6763,15.7393,15.7361,15.8175,15.6996,15.7393,15.7226,15.7263,15.6641,15.7625,15.8135,15.7345,15.7535,15.6996,15.7469,15.8135,15.7537,15.7039,15.8731,15.7746,15.7822,15.8135,15.7258,15.6774,15.7546,15.7806,15.7510,15.7352,15.7593,15.8182,15.7625,15.7393,15.5145,15.6719,15.7890,15.6815,15.7585,15.8175,15.8175,15.6641,15.8175,15.8060,15.8223,15.8175,15.6719,15.8297,15.4267,15.8223,15.8135,15.7802,15.6996,15.7727,15.7585,15.7345,15.7393,15.7275,15.8043,15.8175,15.7546,15.7535,15.8175,15.7586,15.8175,15.7546,15.7842,15.3938,15.7352,15.7247,15.7536,15.6773,15.6126,15.7510,15.7510,15.8259,15.7508,15.7352,15.7585,15.8087,15.2698,15.6361,15.7422,15.7039,15.8023,15.8244,15.8412,15.7345,15.7822,15.8182,15.7577,15.8039,15.5734,15.8175,15.7508,15.7585;
15.6763,15.6955,15.6219,15.6763,15.6996,15.6955,15.6433,15.5657,15.6219,15.6249,15.6996,15.5927,15.6219,15.6053,15.6087,15.5478,15.6489,15.6955,15.6171,15.6359,15.5927,15.6334,15.6955,15.6401,15.5876,15.7554,15.6569,15.6659,15.6955,15.6147,15.5625,15.6433,15.6629,15.6374,15.6179,15.6481,15.7003,15.6489,15.6219,15.4062,15.5569,15.6740,15.5665,15.6449,15.6996,15.6996,15.5478,15.6996,15.6880,15.7044,15.6996,15.5569,15.7120,15.3141,15.7044,15.6955,15.6652,15.5927,15.6577,15.6449,15.6171,15.6219,15.6101,15.6865,15.6996,15.6433,15.6359,15.6996,15.6473,15.6996,15.6433,15.6692,15.2812,15.6179,15.6070,15.6358,15.5599,15.4953,15.6374,15.6374,15.7086,15.6336,15.6179,15.6449,15.6910,15.1592,15.5186,15.6286,15.5876,15.6847,15.7068,15.7235,15.6171,15.6659,15.7003,15.6441,15.6861,15.4585,15.6996,15.6336,15.6449;
15.7160,15.7352,15.6678,15.7160,15.7393,15.7352,15.6763,15.6048,15.6678,15.6579,15.7393,15.6219,15.6678,15.6472,15.6507,15.5905,15.6849,15.7352,15.6630,15.6797,15.6219,15.6696,15.7352,15.6760,15.6279,15.7954,15.6969,15.7043,15.7352,15.6478,15.6014,15.6763,15.7027,15.6736,15.6637,15.6812,15.7401,15.6849,15.6678,15.4384,15.5958,15.7114,15.6054,15.6808,15.7393,15.7393,15.5905,15.7393,15.7280,15.7441,15.7393,15.5958,15.7520,15.3590,15.7441,15.7352,15.7025,15.6219,15.6953,15.6808,15.6630,15.6678,15.6500,15.7264,15.7393,15.6763,15.6797,15.7393,15.6804,15.7393,15.6763,15.7066,15.3237,15.6637,15.6508,15.6796,15.6021,15.5375,15.6736,15.6736,15.7485,15.6734,15.6637,15.6808,15.7308,15.2053,15.5645,15.6648,15.6279,15.7247,15.7464,15.7633,15.6630,15.7043,15.7401,15.6801,15.7260,15.4973,15.7393,15.6734,15.6808;
15.7004,15.7185,15.6472,15.7004,15.7226,15.7185,15.6596,15.5842,15.6472,15.6422,15.7226,15.6053,15.6472,15.6348,15.6380,15.5778,15.6683,15.7185,15.6424,15.6591,15.6053,15.6527,15.7185,15.6594,15.6155,15.7795,15.6810,15.6875,15.7185,15.6322,15.5890,15.6596,15.6870,15.6567,15.6431,15.6644,15.7233,15.6683,15.6472,15.4260,15.5834,15.6948,15.5930,15.6642,15.7226,15.7226,15.5778,15.7226,15.7110,15.7274,15.7226,15.5834,15.7350,15.3463,15.7274,15.7185,15.6859,15.6053,15.6784,15.6642,15.6424,15.6472,15.6333,15.7095,15.7226,15.6596,15.6591,15.7226,15.6637,15.7226,15.6596,15.6900,15.3102,15.6431,15.6313,15.6590,15.5851,15.5248,15.6567,15.6567,15.7318,15.6610,15.6431,15.6642,15.7140,15.1926,15.5439,15.6479,15.6155,15.7088,15.7298,15.7465,15.6424,15.6875,15.7233,15.6635,15.7092,15.4849,15.7226,15.6610,15.6642;
15.7041,15.7222,15.6507,15.7041,15.7263,15.7222,15.6633,15.5877,15.6507,15.6459,15.7263,15.6087,15.6507,15.6380,15.6420,15.5798,15.6717,15.7222,15.6459,15.6626,15.6087,15.6564,15.7222,15.6628,15.6173,15.7835,15.6850,15.6910,15.7222,15.6356,15.5908,15.6633,15.6905,15.6604,15.6466,15.6681,15.7270,15.6717,15.6507,15.4278,15.5852,15.6982,15.5948,15.6676,15.7263,15.7263,15.5798,15.7263,15.7150,15.7311,15.7263,15.5852,15.7390,15.3424,15.7311,15.7222,15.6893,15.6087,15.6821,15.6676,15.6459,15.6507,15.6365,15.7135,15.7263,15.6633,15.6626,15.7263,15.6674,15.7263,15.6633,15.6934,15.3060,15.6466,15.6348,15.6626,15.5886,15.5283,15.6604,15.6604,15.7350,15.6642,15.6466,15.6676,15.7175,15.1855,15.5474,15.6516,15.6173,15.7127,15.7335,15.7502,15.6459,15.6910,15.7270,15.6669,15.7126,15.4867,15.7263,15.6642,15.6676;
15.6419,15.6601,15.5905,15.6419,15.6641,15.6601,15.6012,15.5275,15.5905,15.5838,15.6641,15.5478,15.5905,15.5778,15.5798,15.5253,15.6107,15.6601,15.5856,15.6023,15.5478,15.5954,15.6601,15.6019,15.5628,15.7213,15.6228,15.6300,15.6601,15.5747,15.5363,15.6012,15.6295,15.5995,15.5864,15.6060,15.6649,15.6107,15.5905,15.3733,15.5307,15.6372,15.5403,15.6067,15.6641,15.6641,15.5253,15.6641,15.6529,15.6689,15.6641,15.5307,15.6768,15.3122,15.6689,15.6601,15.6284,15.5478,15.6212,15.6067,15.5856,15.5905,15.5763,15.6514,15.6641,15.6012,15.6023,15.6641,15.6052,15.6641,15.6012,15.6324,15.2758,15.5864,15.5746,15.6017,15.5284,15.4680,15.5995,15.5995,15.6748,15.6040,15.5864,15.6067,15.6565,15.1682,15.4872,15.5906,15.5628,15.6506,15.6713,15.6881,15.5856,15.6300,15.6649,15.6059,15.6517,15.4322,15.6641,15.6040,15.6067;
15.7392,15.7585,15.6849,15.7392,15.7625,15.7585,15.6996,15.6219,15.6849,15.6811,15.7625,15.6489,15.6849,15.6683,15.6717,15.6107,15.7119,15.7585,15.6801,15.6988,15.6489,15.6963,15.7585,15.7030,15.6505,15.8183,15.7199,15.7288,15.7585,15.6709,15.6254,15.6996,15.7258,15.7004,15.6808,15.7044,15.7633,15.7119,15.6849,15.4625,15.6198,15.7370,15.6295,15.7078,15.7625,15.7625,15.6107,15.7625,15.7510,15.7673,15.7625,15.6198,15.7749,15.3771,15.7673,15.7585,15.7281,15.6489,15.7206,15.7078,15.6801,15.6849,15.6731,15.7495,15.7625,15.6996,15.6988,15.7625,15.7036,15.7625,15.6996,15.7322,15.3441,15.6808,15.6700,15.6988,15.6228,15.5583,15.7004,15.7004,15.7715,15.6965,15.6808,15.7078,15.7539,15.2222,15.5816,15.6915,15.6505,15.7476,15.7697,15.7865,15.6801,15.7288,15.7633,15.7071,15.7491,15.5214,15.7625,15.6965,15.7078;
15.7902,15.8095,15.7352,15.7902,15.8135,15.8095,15.7506,15.6723,15.7352,15.7321,15.8135,15.6955,15.7352,15.7185,15.7222,15.6601,15.7585,15.8095,15.7305,15.7494,15.6955,15.7429,15.8095,15.7497,15.6999,15.8690,15.7705,15.7781,15.8095,15.7217,15.6734,15.7506,15.7766,15.7469,15.7312,15.7553,15.8142,15.7585,15.7352,15.5105,15.6679,15.7850,15.6774,15.7544,15.8135,15.8135,15.6601,15.8135,15.8019,15.8182,15.8135,15.6679,15.8256,15.4226,15.8182,15.8095,15.7762,15.6955,15.7687,15.7544,15.7305,15.7352,15.7234,15.8002,15.8135,15.7506,15.7494,15.8135,15.7546,15.8135,15.7506,15.7802,15.3897,15.7312,15.7206,15.7496,15.6733,15.6085,15.7469,15.7469,15.8219,15.7468,15.7312,15.7544,15.8046,15.2657,15.6320,15.7381,15.6999,15.7983,15.8203,15.8371,15.7305,15.7781,15.8142,15.7537,15.7999,15.5694,15.8135,15.7468,15.7544;
15.7113,15.7305,15.6630,15.7113,15.7345,15.7305,15.6716,15.6000,15.6630,15.6531,15.7345,15.6171,15.6630,15.6424,15.6459,15.5856,15.6801,15.7305,15.6582,15.6749,15.6171,15.6648,15.7305,15.6712,15.6231,15.7906,15.6921,15.6995,15.7305,15.6431,15.5966,15.6716,15.6979,15.6688,15.6589,15.6763,15.7352,15.6801,15.6630,15.4336,15.5910,15.7066,15.6006,15.6760,15.7345,15.7345,15.5856,15.7345,15.7233,15.7393,15.7345,15.5910,15.7472,15.3542,15.7393,15.7305,15.6978,15.6171,15.6906,15.6760,15.6582,15.6630,15.6452,15.7216,15.7345,15.6716,15.6749,15.7345,15.6756,15.7345,15.6716,15.7018,15.3189,15.6589,15.6460,15.6748,15.5973,15.5326,15.6688,15.6688,15.7437,15.6686,15.6589,15.6760,15.7260,15.2005,15.5597,15.6600,15.6231,15.7199,15.7416,15.7584,15.6582,15.6995,15.7352,15.6753,15.7212,15.4925,15.7345,15.6686,15.6760;
15.7302,15.7494,15.6797,15.7302,15.7535,15.7494,15.6905,15.6167,15.6797,15.6720,15.7535,15.6359,15.6797,15.6591,15.6626,15.6023,15.6988,15.7494,15.6749,15.6939,15.6359,15.6835,15.7494,15.6900,15.6419,15.8093,15.7109,15.7184,15.7494,15.6620,15.6153,15.6905,15.7169,15.6876,15.6756,15.6953,15.7542,15.6988,15.6797,15.4524,15.6098,15.7253,15.6194,15.6948,15.7535,15.7535,15.6023,15.7535,15.7422,15.7583,15.7535,15.6098,15.7659,15.3709,15.7583,15.7494,15.7165,15.6359,15.7093,15.6948,15.6749,15.6797,15.6640,15.7405,15.7535,15.6905,15.6939,15.7535,15.6946,15.7535,15.6905,15.7206,15.3378,15.6756,15.6650,15.6937,15.6141,15.5493,15.6876,15.6876,15.7624,15.6873,15.6756,15.6948,15.7449,15.2172,15.5764,15.6788,15.6419,15.7386,15.7604,15.7772,15.6749,15.7184,15.7542,15.6941,15.7402,15.5113,15.7535,15.6873,15.6948;
15.6763,15.6955,15.6219,15.6763,15.6996,15.6955,15.6433,15.5657,15.6219,15.6249,15.6996,15.5927,15.6219,15.6053,15.6087,15.5478,15.6489,15.6955,15.6171,15.6359,15.5927,15.6334,15.6955,15.6401,15.5876,15.7554,15.6569,15.6659,15.6955,15.6147,15.5625,15.6433,15.6629,15.6374,15.6179,15.6481,15.7003,15.6489,15.6219,15.4062,15.5569,15.6740,15.5665,15.6449,15.6996,15.6996,15.5478,15.6996,15.6880,15.7044,15.6996,15.5569,15.7120,15.3141,15.7044,15.6955,15.6652,15.5927,15.6577,15.6449,15.6171,15.6219,15.6101,15.6865,15.6996,15.6433,15.6359,15.6996,15.6473,15.6996,15.6433,15.6692,15.2812,15.6179,15.6070,15.6358,15.5599,15.4953,15.6374,15.6374,15.7086,15.6336,15.6179,15.6449,15.6910,15.1592,15.5186,15.6286,15.5876,15.6847,15.7068,15.7235,15.6171,15.6659,15.7003,15.6441,15.6861,15.4585,15.6996,15.6336,15.6449;
15.7237,15.7429,15.6696,15.7237,15.7469,15.7429,15.6840,15.6067,15.6696,15.6656,15.7469,15.6334,15.6696,15.6527,15.6564,15.5954,15.6963,15.7429,15.6648,15.6835,15.6334,15.6810,15.7429,15.6875,15.6350,15.8030,15.7046,15.7132,15.7429,15.6554,15.6099,15.6840,15.7103,15.6850,15.6656,15.6888,15.7477,15.6963,15.6696,15.4469,15.6043,15.7214,15.6139,15.6923,15.7469,15.7469,15.5954,15.7469,15.7357,15.7517,15.7469,15.6043,15.7596,15.3617,15.7517,15.7429,15.7126,15.6334,15.7053,15.6923,15.6648,15.6696,15.6575,15.7342,15.7469,15.6840,15.6835,15.7469,15.6880,15.7469,15.6840,15.7166,15.3286,15.6656,15.6547,15.6835,15.6075,15.5430,15.6850,15.6850,15.7559,15.6810,15.6656,15.6923,15.7383,15.2069,15.5663,15.6762,15.6350,15.7323,15.7542,15.7709,15.6648,15.7132,15.7477,15.6915,15.7335,15.5058,15.7469,15.6810,15.6923;
15.7902,15.8095,15.7352,15.7902,15.8135,15.8095,15.7506,15.6723,15.7352,15.7321,15.8135,15.6955,15.7352,15.7185,15.7222,15.6601,15.7585,15.8095,15.7305,15.7494,15.6955,15.7429,15.8095,15.7497,15.6999,15.8690,15.7705,15.7781,15.8095,15.7217,15.6734,15.7506,15.7766,15.7469,15.7312,15.7553,15.8142,15.7585,15.7352,15.5105,15.6679,15.7850,15.6774,15.7544,15.8135,15.8135,15.6601,15.8135,15.8019,15.8182,15.8135,15.6679,15.8256,15.4226,15.8182,15.8095,15.7762,15.6955,15.7687,15.7544,15.7305,15.7352,15.7234,15.8002,15.8135,15.7506,15.7494,15.8135,15.7546,15.8135,15.7506,15.7802,15.3897,15.7312,15.7206,15.7496,15.6733,15.6085,15.7469,15.7469,15.8219,15.7468,15.7312,15.7544,15.8046,15.2657,15.6320,15.7381,15.6999,15.7983,15.8203,15.8371,15.7305,15.7781,15.8142,15.7537,15.7999,15.5694,15.8135,15.7468,15.7544;
15.7304,15.7497,15.6760,15.7304,15.7537,15.7497,15.6908,15.6131,15.6760,15.6723,15.7537,15.6401,15.6760,15.6594,15.6628,15.6019,15.7030,15.7497,15.6712,15.6900,15.6401,15.6875,15.7497,15.6942,15.6417,15.8095,15.7110,15.7199,15.7497,15.6621,15.6166,15.6908,15.7170,15.6915,15.6720,15.6955,15.7544,15.7030,15.6760,15.4536,15.6110,15.7281,15.6206,15.6990,15.7537,15.7537,15.6019,15.7537,15.7422,15.7585,15.7537,15.6110,15.7661,15.3682,15.7585,15.7497,15.7193,15.6401,15.7118,15.6990,15.6712,15.6760,15.6642,15.7407,15.7537,15.6908,15.6900,15.7537,15.6948,15.7537,15.6908,15.7234,15.3353,15.6720,15.6612,15.6900,15.6140,15.5494,15.6915,15.6915,15.7627,15.6877,15.6720,15.6990,15.7450,15.2133,15.5728,15.6827,15.6417,15.7388,15.7609,15.7776,15.6712,15.7199,15.7544,15.6983,15.7403,15.5125,15.7537,15.6877,15.6990;
15.6817,15.6999,15.6279,15.6817,15.7039,15.6999,15.6410,15.5650,15.6279,15.6236,15.7039,15.5876,15.6279,15.6155,15.6173,15.5628,15.6505,15.6999,15.6231,15.6419,15.5876,15.6350,15.6999,15.6417,15.6026,15.7608,15.6624,15.6698,15.6999,15.6145,15.5761,15.6410,15.6693,15.6390,15.6239,15.6458,15.7047,15.6505,15.6279,15.4131,15.5705,15.6770,15.5801,15.6465,15.7039,15.7039,15.5628,15.7039,15.6924,15.7087,15.7039,15.5705,15.7163,15.3496,15.7087,15.6999,15.6682,15.5876,15.6607,15.6465,15.6231,15.6279,15.6161,15.6909,15.7039,15.6410,15.6419,15.7039,15.6450,15.7039,15.6410,15.6722,15.3156,15.6239,15.6141,15.6412,15.5659,15.5055,15.6390,15.6390,15.7145,15.6438,15.6239,15.6465,15.6963,15.2056,15.5246,15.6302,15.6026,15.6901,15.7112,15.7279,15.6231,15.6698,15.7047,15.6457,15.6915,15.4720,15.7039,15.6438,15.6465;
15.8509,15.8690,15.7954,15.8509,15.8731,15.8690,15.8101,15.7324,15.7954,15.7927,15.8731,15.7554,15.7954,15.7795,15.7835,15.7213,15.8183,15.8690,15.7906,15.8093,15.7554,15.8030,15.8690,15.8095,15.7608,15.9636,15.8651,15.8377,15.8690,15.7824,15.7343,15.8101,15.8372,15.8071,15.7913,15.8149,15.8738,15.8183,15.7954,15.5714,15.7287,15.8448,15.7384,15.8143,15.8731,15.8731,15.7213,15.8731,15.8618,15.8779,15.8731,15.7287,15.8858,15.4838,15.8779,15.8690,15.8360,15.7554,15.8288,15.8143,15.7906,15.7954,15.7833,15.8602,15.8731,15.8101,15.8093,15.8731,15.8142,15.8731,15.8101,15.8400,15.4495,15.7913,15.7816,15.8094,15.7333,15.6697,15.8071,15.8071,15.8818,15.8077,15.7913,15.8143,15.8642,15.3270,15.6921,15.7982,15.7608,15.8595,15.8801,15.8970,15.7906,15.8377,15.8738,15.8135,15.8594,15.6303,15.8731,15.8077,15.8143;
15.7524,15.7705,15.6969,15.7524,15.7746,15.7705,15.7116,15.6340,15.6969,15.6943,15.7746,15.6569,15.6969,15.6810,15.6850,15.6228,15.7199,15.7705,15.6921,15.7109,15.6569,15.7046,15.7705,15.7110,15.6624,15.8651,15.7846,15.7393,15.7705,15.6839,15.6359,15.7116,15.7388,15.7086,15.6929,15.7164,15.7753,15.7199,15.6969,15.4909,15.6303,15.7464,15.6399,15.7158,15.7746,15.7746,15.6228,15.7746,15.7633,15.7794,15.7746,15.6303,15.7873,15.3853,15.7794,15.7705,15.7375,15.6569,15.7303,15.7158,15.6921,15.6969,15.7028,15.7617,15.7746,15.7116,15.7109,15.7746,15.7157,15.7746,15.7116,15.7416,15.3691,15.6929,15.6831,15.7109,15.6529,15.5893,15.7086,15.7086,15.7833,15.7093,15.6929,15.7158,15.7658,15.2285,15.6116,15.6997,15.6624,15.7610,15.7817,15.7985,15.6921,15.7393,15.7753,15.7150,15.7609,15.5498,15.7746,15.7093,15.7158;
15.7589,15.7781,15.7043,15.7589,15.7822,15.7781,15.7192,15.6414,15.7043,15.7008,15.7822,15.6659,15.7043,15.6875,15.6910,15.6300,15.7288,15.7781,15.6995,15.7184,15.6659,15.7132,15.7781,15.7199,15.6698,15.8377,15.7393,15.7485,15.7781,15.6906,15.6447,15.7192,15.7455,15.7173,15.7003,15.7241,15.7830,15.7288,15.7043,15.4818,15.6392,15.7539,15.6488,15.7248,15.7822,15.7822,15.6300,15.7822,15.7706,15.7870,15.7822,15.6392,15.7943,15.3963,15.7870,15.7781,15.7450,15.6659,15.7375,15.7248,15.6995,15.7043,15.6925,15.7689,15.7822,15.7192,15.7184,15.7822,15.7233,15.7822,15.7192,15.7491,15.3635,15.7003,15.6896,15.7184,15.6423,15.5775,15.7173,15.7173,15.7909,15.7158,15.7003,15.7248,15.7736,15.2414,15.6010,15.7084,15.6698,15.7670,15.7890,15.8059,15.6995,15.7485,15.7830,15.7240,15.7688,15.5407,15.7822,15.7158,15.7248;
15.7902,15.8095,15.7352,15.7902,15.8135,15.8095,15.7506,15.6723,15.7352,15.7321,15.8135,15.6955,15.7352,15.7185,15.7222,15.6601,15.7585,15.8095,15.7305,15.7494,15.6955,15.7429,15.8095,15.7497,15.6999,15.8690,15.7705,15.7781,15.8095,15.7217,15.6734,15.7506,15.7766,15.7469,15.7312,15.7553,15.8142,15.7585,15.7352,15.5105,15.6679,15.7850,15.6774,15.7544,15.8135,15.8135,15.6601,15.8135,15.8019,15.8182,15.8135,15.6679,15.8256,15.4226,15.8182,15.8095,15.7762,15.6955,15.7687,15.7544,15.7305,15.7352,15.7234,15.8002,15.8135,15.7506,15.7494,15.8135,15.7546,15.8135,15.7506,15.7802,15.3897,15.7312,15.7206,15.7496,15.6733,15.6085,15.7469,15.7469,15.8219,15.7468,15.7312,15.7544,15.8046,15.2657,15.6320,15.7381,15.6999,15.7983,15.8203,15.8371,15.7305,15.7781,15.8142,15.7537,15.7999,15.5694,15.8135,15.7468,15.7544;
15.7036,15.7217,15.6478,15.7036,15.7258,15.7217,15.6695,15.5916,15.6478,15.6521,15.7258,15.6147,15.6478,15.6322,15.6356,15.5747,15.6709,15.7217,15.6431,15.6620,15.6147,15.6554,15.7217,15.6621,15.6145,15.7824,15.6839,15.6906,15.7217,15.6420,15.5880,15.6695,15.6902,15.6594,15.6438,15.6743,15.7265,15.6709,15.6478,15.4317,15.5824,15.6975,15.5920,15.6669,15.7258,15.7258,15.5747,15.7258,15.7143,15.7305,15.7258,15.5824,15.7379,15.3410,15.7305,15.7217,15.6886,15.6147,15.6812,15.6669,15.6431,15.6478,15.6360,15.7125,15.7258,15.6695,15.6620,15.7258,15.6736,15.7258,15.6695,15.6927,15.3071,15.6438,15.6343,15.6621,15.5859,15.5222,15.6594,15.6594,15.7345,15.6605,15.6438,15.6669,15.7171,15.1861,15.5446,15.6506,15.6145,15.7117,15.7326,15.7494,15.6431,15.6906,15.7265,15.6662,15.7123,15.4840,15.7258,15.6605,15.6669;
15.6552,15.6734,15.6014,15.6552,15.6774,15.6734,15.6145,15.5385,15.6014,15.5971,15.6774,15.5625,15.6014,15.5890,15.5908,15.5363,15.6254,15.6734,15.5966,15.6153,15.5625,15.6099,15.6734,15.6166,15.5761,15.7343,15.6359,15.6447,15.6734,15.5880,15.5510,15.6145,15.6428,15.6139,15.5974,15.6193,15.6782,15.6254,15.6014,15.3880,15.5454,15.6505,15.5550,15.6214,15.6774,15.6774,15.5363,15.6774,15.6659,15.6822,15.6774,15.5454,15.6898,15.3231,15.6822,15.6734,15.6417,15.5625,15.6342,15.6214,15.5966,15.6014,15.5896,15.6644,15.6774,15.6145,15.6153,15.6774,15.6185,15.6774,15.6145,15.6457,15.2891,15.5974,15.5876,15.6147,15.5393,15.4790,15.6139,15.6139,15.6880,15.6173,15.5974,15.6214,15.6698,15.1791,15.4981,15.6051,15.5761,15.6636,15.6847,15.7014,15.5966,15.6447,15.6782,15.6206,15.6650,15.4469,15.6774,15.6173,15.6214;
15.7313,15.7506,15.6763,15.7313,15.7546,15.7506,15.6983,15.6201,15.6763,15.6798,15.7546,15.6433,15.6763,15.6596,15.6633,15.6012,15.6996,15.7506,15.6716,15.6905,15.6433,15.6840,15.7506,15.6908,15.6410,15.8101,15.7116,15.7192,15.7506,15.6695,15.6145,15.6983,15.7177,15.6880,15.6723,15.7031,15.7553,15.6996,15.6763,15.4583,15.6090,15.7261,15.6185,15.6955,15.7546,15.7546,15.6012,15.7546,15.7430,15.7593,15.7546,15.6090,15.7667,15.3637,15.7593,15.7506,15.7173,15.6433,15.7098,15.6955,15.6716,15.6763,15.6645,15.7413,15.7546,15.6983,15.6905,15.7546,15.7024,15.7546,15.6983,15.7213,15.3308,15.6723,15.6617,15.6907,15.6144,15.5496,15.6880,15.6880,15.7630,15.6879,15.6723,15.6955,15.7457,15.2068,15.5731,15.6792,15.6410,15.7394,15.7614,15.7782,15.6716,15.7192,15.7553,15.6948,15.7410,15.5105,15.7546,15.6879,15.6955;
15.7584,15.7766,15.7027,15.7584,15.7806,15.7766,15.7177,15.6398,15.7027,15.7003,15.7806,15.6629,15.7027,15.6870,15.6905,15.6295,15.7258,15.7766,15.6979,15.7169,15.6629,15.7103,15.7766,15.7170,15.6693,15.8372,15.7388,15.7455,15.7766,15.6902,15.6428,15.7177,15.7450,15.7143,15.6987,15.7225,15.7814,15.7258,15.7027,15.4799,15.6373,15.7523,15.6469,15.7218,15.7806,15.7806,15.6295,15.7806,15.7691,15.7854,15.7806,15.6373,15.7928,15.3959,15.7854,15.7766,15.7435,15.6629,15.7360,15.7218,15.6979,15.7027,15.6909,15.7674,15.7806,15.7177,15.7169,15.7806,15.7217,15.7806,15.7177,15.7475,15.3619,15.6987,15.6892,15.7169,15.6407,15.5770,15.7143,15.7143,15.7893,15.7153,15.6987,15.7218,15.7720,15.2409,15.5995,15.7055,15.6693,15.7666,15.7875,15.8043,15.6979,15.7455,15.7814,15.7210,15.7672,15.5388,15.7806,15.7153,15.7218;
15.7277,15.7469,15.6736,15.7277,15.7510,15.7469,15.6880,15.6107,15.6736,15.6696,15.7510,15.6374,15.6736,15.6567,15.6604,15.5995,15.7004,15.7469,15.6688,15.6876,15.6374,15.6850,15.7469,15.6915,15.6390,15.8071,15.7086,15.7173,15.7469,15.6594,15.6139,15.6880,15.7143,15.6891,15.6696,15.6928,15.7517,15.7004,15.6736,15.4509,15.6083,15.7255,15.6180,15.6963,15.7510,15.7510,15.5995,15.7510,15.7397,15.7558,15.7510,15.6083,15.7637,15.3658,15.7558,15.7469,15.7166,15.6374,15.7094,15.6963,15.6688,15.6736,15.6615,15.7382,15.7510,15.6880,15.6876,15.7510,15.6921,15.7510,15.6880,15.7206,15.3326,15.6696,15.6587,15.6875,15.6116,15.5470,15.6891,15.6891,15.7600,15.6850,15.6696,15.6963,15.7424,15.2109,15.5703,15.6802,15.6390,15.7364,15.7582,15.7749,15.6688,15.7173,15.7517,15.6955,15.7375,15.5098,15.7510,15.6850,15.6963;
15.7120,15.7312,15.6637,15.7120,15.7352,15.7312,15.6723,15.6008,15.6637,15.6539,15.7352,15.6179,15.6637,15.6431,15.6466,15.5864,15.6808,15.7312,15.6589,15.6756,15.6179,15.6656,15.7312,15.6720,15.6239,15.7913,15.6929,15.7003,15.7312,15.6438,15.5974,15.6723,15.6987,15.6696,15.6597,15.6771,15.7360,15.6808,15.6637,15.4344,15.5918,15.7073,15.6014,15.6768,15.7352,15.7352,15.5864,15.7352,15.7240,15.7401,15.7352,15.5918,15.7479,15.3549,15.7401,15.7312,15.6985,15.6179,15.6913,15.6768,15.6589,15.6637,15.6460,15.7224,15.7352,15.6723,15.6756,15.7352,15.6763,15.7352,15.6723,15.7025,15.3197,15.6597,15.6468,15.6755,15.5981,15.5334,15.6696,15.6696,15.7444,15.6694,15.6597,15.6768,15.7268,15.2012,15.5604,15.6607,15.6239,15.7207,15.7424,15.7592,15.6589,15.7003,15.7360,15.6760,15.7220,15.4933,15.7352,15.6694,15.6768;
15.7361,15.7553,15.6812,15.7361,15.7593,15.7553,15.7031,15.6249,15.6812,15.6847,15.7593,15.6481,15.6812,15.6644,15.6681,15.6060,15.7044,15.7553,15.6763,15.6953,15.6481,15.6888,15.7553,15.6955,15.6458,15.8149,15.7164,15.7241,15.7553,15.6743,15.6193,15.7031,15.7225,15.6928,15.6771,15.7079,15.7601,15.7044,15.6812,15.4631,15.6138,15.7309,15.6233,15.7003,15.7593,15.7593,15.6060,15.7593,15.7478,15.7642,15.7593,15.6138,15.7715,15.3685,15.7642,15.7553,15.7220,15.6481,15.7145,15.7003,15.6763,15.6812,15.6693,15.7461,15.7593,15.7031,15.6953,15.7593,15.7071,15.7593,15.7031,15.7261,15.3357,15.6771,15.6665,15.6954,15.6192,15.5544,15.6928,15.6928,15.7678,15.6927,15.6771,15.7003,15.7506,15.2116,15.5779,15.6840,15.6458,15.7442,15.7662,15.7830,15.6763,15.7241,15.7601,15.6996,15.7457,15.5153,15.7593,15.6927,15.7003;
15.7950,15.8142,15.7401,15.7950,15.8182,15.8142,15.7553,15.6771,15.7401,15.7369,15.8182,15.7003,15.7401,15.7233,15.7270,15.6649,15.7633,15.8142,15.7352,15.7542,15.7003,15.7477,15.8142,15.7544,15.7047,15.8738,15.7753,15.7830,15.8142,15.7265,15.6782,15.7553,15.7814,15.7517,15.7360,15.7601,15.8190,15.7633,15.7401,15.5153,15.6727,15.7898,15.6822,15.7593,15.8182,15.8182,15.6649,15.8182,15.8067,15.8231,15.8182,15.6727,15.8304,15.4274,15.8231,15.8142,15.7809,15.7003,15.7734,15.7593,15.7352,15.7401,15.7282,15.8050,15.8182,15.7553,15.7542,15.8182,15.7593,15.8182,15.7553,15.7850,15.3946,15.7360,15.7254,15.7543,15.6781,15.6133,15.7517,15.7517,15.8267,15.7516,15.7360,15.7593,15.8095,15.2705,15.6368,15.7429,15.7047,15.8031,15.8251,15.8419,15.7352,15.7830,15.8190,15.7585,15.8046,15.5742,15.8182,15.7516,15.7593;
15.7392,15.7585,15.6849,15.7392,15.7625,15.7585,15.6996,15.6219,15.6849,15.6811,15.7625,15.6489,15.6849,15.6683,15.6717,15.6107,15.7119,15.7585,15.6801,15.6988,15.6489,15.6963,15.7585,15.7030,15.6505,15.8183,15.7199,15.7288,15.7585,15.6709,15.6254,15.6996,15.7258,15.7004,15.6808,15.7044,15.7633,15.7119,15.6849,15.4625,15.6198,15.7370,15.6295,15.7078,15.7625,15.7625,15.6107,15.7625,15.7510,15.7673,15.7625,15.6198,15.7749,15.3771,15.7673,15.7585,15.7281,15.6489,15.7206,15.7078,15.6801,15.6849,15.6731,15.7495,15.7625,15.6996,15.6988,15.7625,15.7036,15.7625,15.6996,15.7322,15.3441,15.6808,15.6700,15.6988,15.6228,15.5583,15.7004,15.7004,15.7715,15.6965,15.6808,15.7078,15.7539,15.2222,15.5816,15.6915,15.6505,15.7476,15.7697,15.7865,15.6801,15.7288,15.7633,15.7071,15.7491,15.5214,15.7625,15.6965,15.7078;
15.7160,15.7352,15.6678,15.7160,15.7393,15.7352,15.6763,15.6048,15.6678,15.6579,15.7393,15.6219,15.6678,15.6472,15.6507,15.5905,15.6849,15.7352,15.6630,15.6797,15.6219,15.6696,15.7352,15.6760,15.6279,15.7954,15.6969,15.7043,15.7352,15.6478,15.6014,15.6763,15.7027,15.6736,15.6637,15.6812,15.7401,15.6849,15.6678,15.4384,15.5958,15.7114,15.6054,15.6808,15.7393,15.7393,15.5905,15.7393,15.7280,15.7441,15.7393,15.5958,15.7520,15.3590,15.7441,15.7352,15.7025,15.6219,15.6953,15.6808,15.6630,15.6678,15.6500,15.7264,15.7393,15.6763,15.6797,15.7393,15.6804,15.7393,15.6763,15.7066,15.3237,15.6637,15.6508,15.6796,15.6021,15.5375,15.6736,15.6736,15.7485,15.6734,15.6637,15.6808,15.7308,15.2053,15.5645,15.6648,15.6279,15.7247,15.7464,15.7633,15.6630,15.7043,15.7401,15.6801,15.7260,15.4973,15.7393,15.6734,15.6808;
15.4923,15.5105,15.4384,15.4923,15.5145,15.5105,15.4583,15.3822,15.4384,15.4409,15.5145,15.4062,15.4384,15.4260,15.4278,15.3733,15.4625,15.5105,15.4336,15.4524,15.4062,15.4469,15.5105,15.4536,15.4131,15.5714,15.4909,15.4818,15.5105,15.4317,15.3880,15.4583,15.4799,15.4509,15.4344,15.4631,15.5153,15.4625,15.4384,15.2498,15.3825,15.4876,15.3921,15.4585,15.5145,15.5145,15.3733,15.5145,15.5030,15.5193,15.5145,15.3825,15.5269,15.1602,15.5193,15.5105,15.4787,15.4062,15.4712,15.4585,15.4336,15.4384,15.4446,15.5015,15.5145,15.4583,15.4524,15.5145,15.4623,15.5145,15.4583,15.4828,15.1442,15.4344,15.4247,15.4518,15.3944,15.3340,15.4509,15.4509,15.5251,15.4543,15.4344,15.4585,15.5069,15.0162,15.3531,15.4421,15.4131,15.5007,15.5217,15.5384,15.4336,15.4818,15.5153,15.4577,15.5021,15.3020,15.5145,15.4543,15.4585;
15.6497,15.6679,15.5958,15.6497,15.6719,15.6679,15.6090,15.5329,15.5958,15.5916,15.6719,15.5569,15.5958,15.5834,15.5852,15.5307,15.6198,15.6679,15.5910,15.6098,15.5569,15.6043,15.6679,15.6110,15.5705,15.7287,15.6303,15.6392,15.6679,15.5824,15.5454,15.6090,15.6373,15.6083,15.5918,15.6138,15.6727,15.6198,15.5958,15.3825,15.5399,15.6449,15.5494,15.6158,15.6719,15.6719,15.5307,15.6719,15.6604,15.6767,15.6719,15.5399,15.6843,15.3175,15.6767,15.6679,15.6361,15.5569,15.6286,15.6158,15.5910,15.5958,15.5840,15.6589,15.6719,15.6090,15.6098,15.6719,15.6130,15.6719,15.6090,15.6401,15.2835,15.5918,15.5821,15.6092,15.5338,15.4734,15.6083,15.6083,15.6825,15.6117,15.5918,15.6158,15.6643,15.1735,15.4925,15.5995,15.5705,15.6581,15.6791,15.6958,15.5910,15.6392,15.6727,15.6150,15.6595,15.4414,15.6719,15.6117,15.6158;
15.7657,15.7850,15.7114,15.7657,15.7890,15.7850,15.7261,15.6484,15.7114,15.7076,15.7890,15.6740,15.7114,15.6948,15.6982,15.6372,15.7370,15.7850,15.7066,15.7253,15.6740,15.7214,15.7850,15.7281,15.6770,15.8448,15.7464,15.7539,15.7850,15.6975,15.6505,15.7261,15.7523,15.7255,15.7073,15.7309,15.7898,15.7370,15.7114,15.4876,15.6449,15.7635,15.6546,15.7329,15.7890,15.7890,15.6372,15.7890,15.7775,15.7938,15.7890,15.6449,15.8014,15.4036,15.7938,15.7850,15.7546,15.6740,15.7471,15.7329,15.7066,15.7114,15.6996,15.7760,15.7890,15.7261,15.7253,15.7890,15.7301,15.7890,15.7261,15.7587,15.3706,15.7073,15.6965,15.7253,15.6493,15.5848,15.7255,15.7255,15.7980,15.7230,15.7073,15.7329,15.7804,15.2487,15.6081,15.7166,15.6770,15.7741,15.7962,15.8130,15.7066,15.7539,15.7898,15.7322,15.7756,15.5465,15.7890,15.7230,15.7329;
15.6593,15.6774,15.6054,15.6593,15.6815,15.6774,15.6185,15.5425,15.6054,15.6011,15.6815,15.5665,15.6054,15.5930,15.5948,15.5403,15.6295,15.6774,15.6006,15.6194,15.5665,15.6139,15.6774,15.6206,15.5801,15.7384,15.6399,15.6488,15.6774,15.5920,15.5550,15.6185,15.6469,15.6180,15.6014,15.6233,15.6822,15.6295,15.6054,15.3921,15.5494,15.6546,15.5591,15.6254,15.6815,15.6815,15.5403,15.6815,15.6699,15.6863,15.6815,15.5494,15.6939,15.3272,15.6863,15.6774,15.6457,15.5665,15.6382,15.6254,15.6006,15.6054,15.5936,15.6684,15.6815,15.6185,15.6194,15.6815,15.6226,15.6815,15.6185,15.6498,15.2932,15.6014,15.5916,15.6188,15.5434,15.4830,15.6180,15.6180,15.6921,15.6213,15.6014,15.6254,15.6739,15.1832,15.5022,15.6091,15.5801,15.6677,15.6887,15.7054,15.6006,15.6488,15.6822,15.6247,15.6690,15.4510,15.6815,15.6213,15.6254;
15.7352,15.7544,15.6808,15.7352,15.7585,15.7544,15.6955,15.6179,15.6808,15.6771,15.7585,15.6449,15.6808,15.6642,15.6676,15.6067,15.7078,15.7544,15.6760,15.6948,15.6449,15.6923,15.7544,15.6990,15.6465,15.8143,15.7158,15.7248,15.7544,15.6669,15.6214,15.6955,15.7218,15.6963,15.6768,15.7003,15.7593,15.7078,15.6808,15.4585,15.6158,15.7329,15.6254,15.7038,15.7585,15.7585,15.6067,15.7585,15.7469,15.7633,15.7585,15.6158,15.7709,15.3730,15.7633,15.7544,15.7241,15.6449,15.7166,15.7038,15.6760,15.6808,15.6690,15.7454,15.7585,15.6955,15.6948,15.7585,15.6996,15.7585,15.6955,15.7281,15.3401,15.6768,15.6659,15.6947,15.6188,15.5542,15.6963,15.6963,15.7675,15.6925,15.6768,15.7038,15.7499,15.2181,15.5775,15.6875,15.6465,15.7436,15.7657,15.7824,15.6760,15.7248,15.7593,15.7030,15.7450,15.5174,15.7585,15.6925,15.7038;
15.7943,15.8135,15.7393,15.7943,15.8175,15.8135,15.7546,15.6763,15.7393,15.7361,15.8175,15.6996,15.7393,15.7226,15.7263,15.6641,15.7625,15.8135,15.7345,15.7535,15.6996,15.7469,15.8135,15.7537,15.7039,15.8731,15.7746,15.7822,15.8135,15.7258,15.6774,15.7546,15.7806,15.7510,15.7352,15.7593,15.8182,15.7625,15.7393,15.5145,15.6719,15.7890,15.6815,15.7585,15.8175,15.8175,15.6641,15.8175,15.8060,15.8223,15.8175,15.6719,15.8297,15.4267,15.8223,15.8135,15.7802,15.6996,15.7727,15.7585,15.7345,15.7393,15.7275,15.8043,15.8175,15.7546,15.7535,15.8175,15.7586,15.8175,15.7546,15.7842,15.3938,15.7352,15.7247,15.7536,15.6773,15.6126,15.7510,15.7510,15.8259,15.7508,15.7352,15.7585,15.8087,15.2698,15.6361,15.7422,15.7039,15.8023,15.8244,15.8412,15.7345,15.7822,15.8182,15.7577,15.8039,15.5734,15.8175,15.7508,15.7585;
15.7943,15.8135,15.7393,15.7943,15.8175,15.8135,15.7546,15.6763,15.7393,15.7361,15.8175,15.6996,15.7393,15.7226,15.7263,15.6641,15.7625,15.8135,15.7345,15.7535,15.6996,15.7469,15.8135,15.7537,15.7039,15.8731,15.7746,15.7822,15.8135,15.7258,15.6774,15.7546,15.7806,15.7510,15.7352,15.7593,15.8182,15.7625,15.7393,15.5145,15.6719,15.7890,15.6815,15.7585,15.8175,15.8175,15.6641,15.8175,15.8060,15.8223,15.8175,15.6719,15.8297,15.4267,15.8223,15.8135,15.7802,15.6996,15.7727,15.7585,15.7345,15.7393,15.7275,15.8043,15.8175,15.7546,15.7535,15.8175,15.7586,15.8175,15.7546,15.7842,15.3938,15.7352,15.7247,15.7536,15.6773,15.6126,15.7510,15.7510,15.8259,15.7508,15.7352,15.7585,15.8087,15.2698,15.6361,15.7422,15.7039,15.8023,15.8244,15.8412,15.7345,15.7822,15.8182,15.7577,15.8039,15.5734,15.8175,15.7508,15.7585;
15.6419,15.6601,15.5905,15.6419,15.6641,15.6601,15.6012,15.5275,15.5905,15.5838,15.6641,15.5478,15.5905,15.5778,15.5798,15.5253,15.6107,15.6601,15.5856,15.6023,15.5478,15.5954,15.6601,15.6019,15.5628,15.7213,15.6228,15.6300,15.6601,15.5747,15.5363,15.6012,15.6295,15.5995,15.5864,15.6060,15.6649,15.6107,15.5905,15.3733,15.5307,15.6372,15.5403,15.6067,15.6641,15.6641,15.5253,15.6641,15.6529,15.6689,15.6641,15.5307,15.6768,15.3122,15.6689,15.6601,15.6284,15.5478,15.6212,15.6067,15.5856,15.5905,15.5763,15.6514,15.6641,15.6012,15.6023,15.6641,15.6052,15.6641,15.6012,15.6324,15.2758,15.5864,15.5746,15.6017,15.5284,15.4680,15.5995,15.5995,15.6748,15.6040,15.5864,15.6067,15.6565,15.1682,15.4872,15.5906,15.5628,15.6506,15.6713,15.6881,15.5856,15.6300,15.6649,15.6059,15.6517,15.4322,15.6641,15.6040,15.6067;
15.7943,15.8135,15.7393,15.7943,15.8175,15.8135,15.7546,15.6763,15.7393,15.7361,15.8175,15.6996,15.7393,15.7226,15.7263,15.6641,15.7625,15.8135,15.7345,15.7535,15.6996,15.7469,15.8135,15.7537,15.7039,15.8731,15.7746,15.7822,15.8135,15.7258,15.6774,15.7546,15.7806,15.7510,15.7352,15.7593,15.8182,15.7625,15.7393,15.5145,15.6719,15.7890,15.6815,15.7585,15.8175,15.8175,15.6641,15.8175,15.8060,15.8223,15.8175,15.6719,15.8297,15.4267,15.8223,15.8135,15.7802,15.6996,15.7727,15.7585,15.7345,15.7393,15.7275,15.8043,15.8175,15.7546,15.7535,15.8175,15.7586,15.8175,15.7546,15.7842,15.3938,15.7352,15.7247,15.7536,15.6773,15.6126,15.7510,15.7510,15.8259,15.7508,15.7352,15.7585,15.8087,15.2698,15.6361,15.7422,15.7039,15.8023,15.8244,15.8412,15.7345,15.7822,15.8182,15.7577,15.8039,15.5734,15.8175,15.7508,15.7585;
15.7827,15.8019,15.7280,15.7827,15.8060,15.8019,15.7430,15.6651,15.7280,15.7245,15.8060,15.6880,15.7280,15.7110,15.7150,15.6529,15.7510,15.8019,15.7233,15.7422,15.6880,15.7357,15.8019,15.7422,15.6924,15.8618,15.7633,15.7706,15.8019,15.7143,15.6659,15.7430,15.7691,15.7397,15.7240,15.7478,15.8067,15.7510,15.7280,15.5030,15.6604,15.7775,15.6699,15.7469,15.8060,15.8060,15.6529,15.8060,15.7947,15.8108,15.8060,15.6604,15.8184,15.4154,15.8108,15.8019,15.7687,15.6880,15.7615,15.7469,15.7233,15.7280,15.7159,15.7930,15.8060,15.7430,15.7422,15.8060,15.7471,15.8060,15.7430,15.7727,15.3823,15.7240,15.7134,15.7424,15.6661,15.6013,15.7397,15.7397,15.8144,15.7393,15.7240,15.7469,15.7971,15.2585,15.6248,15.7309,15.6924,15.7911,15.8128,15.8297,15.7233,15.7706,15.8067,15.7462,15.7924,15.5619,15.8060,15.7393,15.7469;
