SimGraph=[
15.7721,15.7902,15.7160,15.7721,15.7943,15.7902,15.7313,15.6531,15.7160,15.7139,15.7943,15.6763,15.7160,15.7004,15.7041,15.6419,15.7392,15.7902,15.7113,15.7302,15.6763,15.7237,15.7902,15.7304,15.6817,15.8509,15.7524,15.7589,15.7902,15.7036,15.6552,15.7313,15.7584,15.7277,15.7120,15.7361,15.7950,15.7392,15.7160,15.4923,15.6497,15.7657,15.6593,15.7352,15.7943,15.7943,15.6419,15.7943,15.7827,15.7990,15.7943,15.6497,15.8064,15.4045,15.7990,15.7902,15.7569,15.6763,15.7495,15.7352,15.7113,15.7160,15.7042,15.7810,15.7943,15.7313,15.7302,15.7943,15.7354,15.7943,15.7313,15.7610,15.3705,15.7120,15.7025,15.7304,15.6541,15.5904,15.7277,15.7277,15.8027,15.7286,15.7120,15.7352,15.7854,15.2476,15.6128,15.7189,15.6817,15.7802,15.8011,15.8179,15.7113,15.7589,15.7950,15.7345,15.7806,15.5512,15.7943,15.7286,15.7352;
15.7902,15.8095,15.7352,15.7902,15.8135,15.8095,15.7506,15.6723,15.7352,15.7321,15.8135,15.6955,15.7352,15.7185,15.7222,15.6601,15.7585,15.8095,15.7305,15.7494,15.6955,15.7429,15.8095,15.7497,15.6999,15.8690,15.7705,15.7781,15.8095,15.7217,15.6734,15.7506,15.7766,15.7469,15.7312,15.7553,15.8142,15.7585,15.7352,15.5105,15.6679,15.7850,15.6774,15.7544,15.8135,15.8135,15.6601,15.8135,15.8019,15.8182,15.8135,15.6679,15.8256,15.4226,15.8182,15.8095,15.7762,15.6955,15.7687,15.7544,15.7305,15.7352,15.7234,15.8002,15.8135,15.7506,15.7494,15.8135,15.7546,15.8135,15.7506,15.7802,15.3897,15.7312,15.7206,15.7496,15.6733,15.6085,15.7469,15.7469,15.8219,15.7468,15.7312,15.7544,15.8046,15.2657,15.6320,15.7381,15.6999,15.7983,15.8203,15.8371,15.7305,15.7781,15.8142,15.7537,15.7999,15.5694,15.8135,15.7468,15.7544;
15.7160,15.7352,15.6678,15.7160,15.7393,15.7352,15.6763,15.6048,15.6678,15.6579,15.7393,15.6219,15.6678,15.6472,15.6507,15.5905,15.6849,15.7352,15.6630,15.6797,15.6219,15.6696,15.7352,15.6760,15.6279,15.7954,15.6969,15.7043,15.7352,15.6478,15.6014,15.6763,15.7027,15.6736,15.6637,15.6812,15.7401,15.6849,15.6678,15.4384,15.5958,15.7114,15.6054,15.6808,15.7393,15.7393,15.5905,15.7393,15.7280,15.7441,15.7393,15.5958,15.7520,15.3590,15.7441,15.7352,15.7025,15.6219,15.6953,15.6808,15.6630,15.6678,15.6500,15.7264,15.7393,15.6763,15.6797,15.7393,15.6804,15.7393,15.6763,15.7066,15.3237,15.6637,15.6508,15.6796,15.6021,15.5375,15.6736,15.6736,15.7485,15.6734,15.6637,15.6808,15.7308,15.2053,15.5645,15.6648,15.6279,15.7247,15.7464,15.7633,15.6630,15.7043,15.7401,15.6801,15.7260,15.4973,15.7393,15.6734,15.6808;
15.7721,15.7902,15.7160,15.7721,15.7943,15.7902,15.7313,15.6531,15.7160,15.7139,15.7943,15.6763,15.7160,15.7004,15.7041,15.6419,15.7392,15.7902,15.7113,15.7302,15.6763,15.7237,15.7902,15.7304,15.6817,15.8509,15.7524,15.7589,15.7902,15.7036,15.6552,15.7313,15.7584,15.7277,15.7120,15.7361,15.7950,15.7392,15.7160,15.4923,15.6497,15.7657,15.6593,15.7352,15.7943,15.7943,15.6419,15.7943,15.7827,15.7990,15.7943,15.6497,15.8064,15.4045,15.7990,15.7902,15.7569,15.6763,15.7495,15.7352,15.7113,15.7160,15.7042,15.7810,15.7943,15.7313,15.7302,15.7943,15.7354,15.7943,15.7313,15.7610,15.3705,15.7120,15.7025,15.7304,15.6541,15.5904,15.7277,15.7277,15.8027,15.7286,15.7120,15.7352,15.7854,15.2476,15.6128,15.7189,15.6817,15.7802,15.8011,15.8179,15.7113,15.7589,15.7950,15.7345,15.7806,15.5512,15.7943,15.7286,15.7352;
15.7943,15.8135,15.7393,15.7943,15.8175,15.8135,15.7546,15.6763,15.7393,15.7361,15.8175,15.6996,15.7393,15.7226,15.7263,15.6641,15.7625,15.8135,15.7345,15.7535,15.6996,15.7469,15.8135,15.7537,15.7039,15.8731,15.7746,15.7822,15.8135,15.7258,15.6774,15.7546,15.7806,15.7510,15.7352,15.7593,15.8182,15.7625,15.7393,15.5145,15.6719,15.7890,15.6815,15.7585,15.8175,15.8175,15.6641,15.8175,15.8060,15.8223,15.8175,15.6719,15.8297,15.4267,15.8223,15.8135,15.7802,15.6996,15.7727,15.7585,15.7345,15.7393,15.7275,15.8043,15.8175,15.7546,15.7535,15.8175,15.7586,15.8175,15.7546,15.7842,15.3938,15.7352,15.7247,15.7536,15.6773,15.6126,15.7510,15.7510,15.8259,15.7508,15.7352,15.7585,15.8087,15.2698,15.6361,15.7422,15.7039,15.8023,15.8244,15.8412,15.7345,15.7822,15.8182,15.7577,15.8039,15.5734,15.8175,15.7508,15.7585;
15.7902,15.8095,15.7352,15.7902,15.8135,15.8095,15.7506,15.6723,15.7352,15.7321,15.8135,15.6955,15.7352,15.7185,15.7222,15.6601,15.7585,15.8095,15.7305,15.7494,15.6955,15.7429,15.8095,15.7497,15.6999,15.8690,15.7705,15.7781,15.8095,15.7217,15.6734,15.7506,15.7766,15.7469,15.7312,15.7553,15.8142,15.7585,15.7352,15.5105,15.6679,15.7850,15.6774,15.7544,15.8135,15.8135,15.6601,15.8135,15.8019,15.8182,15.8135,15.6679,15.8256,15.4226,15.8182,15.8095,15.7762,15.6955,15.7687,15.7544,15.7305,15.7352,15.7234,15.8002,15.8135,15.7506,15.7494,15.8135,15.7546,15.8135,15.7506,15.7802,15.3897,15.7312,15.7206,15.7496,15.6733,15.6085,15.7469,15.7469,15.8219,15.7468,15.7312,15.7544,15.8046,15.2657,15.6320,15.7381,15.6999,15.7983,15.8203,15.8371,15.7305,15.7781,15.8142,15.7537,15.7999,15.5694,15.8135,15.7468,15.7544;
15.7313,15.7506,15.6763,15.7313,15.7546,15.7506,15.6983,15.6201,15.6763,15.6798,15.7546,15.6433,15.6763,15.6596,15.6633,15.6012,15.6996,15.7506,15.6716,15.6905,15.6433,15.6840,15.7506,15.6908,15.6410,15.8101,15.7116,15.7192,15.7506,15.6695,15.6145,15.6983,15.7177,15.6880,15.6723,15.7031,15.7553,15.6996,15.6763,15.4583,15.6090,15.7261,15.6185,15.6955,15.7546,15.7546,15.6012,15.7546,15.7430,15.7593,15.7546,15.6090,15.7667,15.3637,15.7593,15.7506,15.7173,15.6433,15.7098,15.6955,15.6716,15.6763,15.6645,15.7413,15.7546,15.6983,15.6905,15.7546,15.7024,15.7546,15.6983,15.7213,15.3308,15.6723,15.6617,15.6907,15.6144,15.5496,15.6880,15.6880,15.7630,15.6879,15.6723,15.6955,15.7457,15.2068,15.5731,15.6792,15.6410,15.7394,15.7614,15.7782,15.6716,15.7192,15.7553,15.6948,15.7410,15.5105,15.7546,15.6879,15.6955;
15.6531,15.6723,15.6048,15.6531,15.6763,15.6723,15.6201,15.5486,15.6048,15.6017,15.6763,15.5657,15.6048,15.5842,15.5877,15.5275,15.6219,15.6723,15.6000,15.6167,15.5657,15.6067,15.6723,15.6131,15.5650,15.7324,15.6340,15.6414,15.6723,15.5916,15.5385,15.6201,15.6398,15.6107,15.6008,15.6249,15.6771,15.6219,15.6048,15.3822,15.5329,15.6484,15.5425,15.6179,15.6763,15.6763,15.5275,15.6763,15.6651,15.6812,15.6763,15.5329,15.6890,15.2960,15.6812,15.6723,15.6396,15.5657,15.6324,15.6179,15.6000,15.6048,15.5871,15.6635,15.6763,15.6201,15.6167,15.6763,15.6241,15.6763,15.6201,15.6436,15.2608,15.6008,15.5879,15.6166,15.5392,15.4745,15.6107,15.6107,15.6855,15.6105,15.6008,15.6179,15.6679,15.1423,15.5015,15.6018,15.5650,15.6618,15.6835,15.7003,15.6000,15.6414,15.6771,15.6171,15.6630,15.4344,15.6763,15.6105,15.6179;
15.7160,15.7352,15.6678,15.7160,15.7393,15.7352,15.6763,15.6048,15.6678,15.6579,15.7393,15.6219,15.6678,15.6472,15.6507,15.5905,15.6849,15.7352,15.6630,15.6797,15.6219,15.6696,15.7352,15.6760,15.6279,15.7954,15.6969,15.7043,15.7352,15.6478,15.6014,15.6763,15.7027,15.6736,15.6637,15.6812,15.7401,15.6849,15.6678,15.4384,15.5958,15.7114,15.6054,15.6808,15.7393,15.7393,15.5905,15.7393,15.7280,15.7441,15.7393,15.5958,15.7520,15.3590,15.7441,15.7352,15.7025,15.6219,15.6953,15.6808,15.6630,15.6678,15.6500,15.7264,15.7393,15.6763,15.6797,15.7393,15.6804,15.7393,15.6763,15.7066,15.3237,15.6637,15.6508,15.6796,15.6021,15.5375,15.6736,15.6736,15.7485,15.6734,15.6637,15.6808,15.7308,15.2053,15.5645,15.6648,15.6279,15.7247,15.7464,15.7633,15.6630,15.7043,15.7401,15.6801,15.7260,15.4973,15.7393,15.6734,15.6808;
